0	0	0	10
1	1	6	16
2	1	2	15
3	1	4	7
4	1	2	20
5	0	5	9
6	1	3	1
7	1	2	12
8	1	2	17
9	0	3	1
10	0	2	1
11	1	2	12
12	1	4	1
13	1	3	0
14	1	2	7
15	0	3	0
16	1	5	1
17	0	1	3
18	1	0	10
19	1	2	14
20	1	1	16
21	1	1	15
22	1	3	0
23	0	2	7
24	1	1	4
25	1	2	7
26	1	2	11
27	0	2	1
28	1	3	7
29	0	3	7
30	1	6	7
31	0	2	0
32	1	4	3
33	0	1	0
34	1	4	1
35	1	2	3
36	0	2	9
37	0	1	4
38	1	1	4
39	1	4	0
40	0	1	4
41	1	2	8
42	1	2	12
43	1	4	17
44	0	4	16
45	1	1	19
46	1	1	4
47	1	2	4
48	1	1	12
49	0	2	2
50	0	0	10
51	1	1	4
52	1	2	0
53	1	5	1
54	0	3	12
55	1	3	20
56	1	1	19
57	1	2	2
58	0	5	1
59	1	5	1
60	1	2	17
61	0	3	3
62	1	1	4
63	1	1	1
64	1	3	12
65	1	2	18
66	0	5	5
67	1	1	4
68	0	2	1
69	1	1	4
70	1	2	14
71	0	4	0
72	1	1	4
73	1	3	14
74	0	0	10
75	1	3	7
76	1	1	4
77	0	4	1
78	0	4	0
79	1	6	1
80	0	2	0
81	1	2	17
82	0	2	2
83	1	1	4
84	1	1	4
85	0	0	10
86	1	2	14
87	0	4	1
88	0	6	9
89	1	6	13
90	1	3	7
91	0	1	4
92	1	2	17
93	1	2	17
94	1	4	0
95	0	2	16
96	0	3	3
97	0	3	7
98	0	0	10
99	1	3	17
100	0	1	3
101	1	3	19
102	1	4	7
103	1	2	12
104	1	4	12
105	0	3	11
106	1	4	18
107	1	2	12
108	1	4	15
109	1	2	2
110	1	3	15
111	1	2	16
112	1	1	12
113	0	2	2
114	1	2	17
115	1	2	17
116	1	2	17
117	1	3	17
118	0	0	10
119	1	2	11
120	1	3	7
121	0	1	4
122	1	3	9
123	1	6	7
124	1	4	14
125	1	1	9
126	0	4	3
127	1	6	6
128	1	2	11
129	1	3	17
130	1	1	4
131	1	2	17
132	0	2	0
133	1	2	0
134	1	1	4
135	1	1	2
136	0	4	6
137	1	1	20
138	0	2	20
139	0	3	1
140	1	3	13
141	1	2	7
142	1	1	3
143	1	2	17
144	1	1	4
145	0	3	20
146	1	1	4
147	1	5	17
148	1	2	1
149	1	3	7
150	0	2	20
151	1	1	4
152	1	0	10
153	1	5	20
154	1	3	12
155	0	4	7
156	1	3	16
157	1	6	7
158	0	4	0
159	1	3	7
160	1	4	16
161	0	1	4
162	1	1	4
163	0	6	13
164	1	1	16
165	1	1	4
166	0	2	11
167	0	5	0
168	1	2	7
169	1	2	11
170	0	5	17
171	1	2	3
172	1	2	0
173	1	2	16
174	0	2	2
175	0	1	3
176	1	5	1
177	1	6	17
178	1	2	0
179	1	4	12
180	1	1	17
181	1	1	4
182	0	4	1
183	0	2	0
184	1	4	0
185	1	1	5
186	0	4	1
187	1	6	16
188	1	1	0
189	1	2	17
190	1	1	4
191	1	1	1
192	0	4	15
193	0	0	10
194	1	2	12
195	0	3	9
196	1	1	14
197	1	2	12
198	1	1	4
199	0	1	4
200	0	3	2
201	1	1	4
202	0	1	4
203	1	2	7
204	1	3	12
205	1	2	17
206	1	2	12
207	1	3	17
208	1	3	1
209	0	0	10
210	1	4	17
211	1	2	16
212	0	1	4
213	1	1	20
214	1	3	14
215	1	4	13
216	1	1	4
217	1	3	14
218	0	2	4
219	1	2	12
220	0	2	0
221	1	2	1
222	1	2	17
223	0	1	4
224	1	2	7
225	1	3	1
226	1	3	20
227	1	2	15
228	1	1	10
229	1	4	1
230	1	2	3
231	1	2	20
232	0	4	20
233	1	3	7
234	1	2	0
235	1	2	5
236	1	2	6
237	0	5	7
238	1	1	19
239	1	5	17
240	1	3	20
241	0	1	4
242	1	2	16
243	1	5	7
244	1	3	16
245	0	1	4
246	1	2	17
247	1	1	17
248	0	1	14
249	1	3	16
250	1	6	17
251	1	2	12
252	0	2	11
253	1	3	17
254	1	3	0
255	1	4	16
256	1	1	18
257	1	2	7
258	1	2	1
259	1	1	19
260	1	2	20
261	0	2	1
262	0	2	7
263	1	3	0
264	0	3	7
265	1	3	11
266	1	4	12
267	0	1	12
268	1	2	2
269	1	5	14
270	1	1	4
271	1	1	0
272	1	1	4
273	1	1	4
274	1	2	0
275	1	4	16
276	0	3	1
277	1	4	18
278	1	2	14
279	1	5	7
280	0	3	0
281	1	2	17
282	1	2	0
283	1	2	12
284	0	3	0
285	1	2	1
286	1	5	13
287	0	2	12
288	0	2	0
289	0	2	20
290	1	3	12
291	1	3	7
292	1	6	1
293	0	4	9
294	1	1	0
295	1	5	5
296	1	1	2
297	0	1	4
298	1	2	12
299	1	2	7
300	1	1	4
301	1	1	4
302	1	2	7
303	1	2	0
304	0	1	0
305	1	1	0
306	1	5	16
307	1	2	2
308	1	2	4
309	0	1	4
310	1	1	4
311	0	5	2
312	0	1	4
313	0	6	9
314	0	6	1
315	1	6	13
316	1	3	7
317	0	6	13
318	0	5	6
319	1	3	6
320	1	1	4
321	1	6	17
322	1	4	12
323	1	3	17
324	0	5	3
325	1	5	11
326	1	3	18
327	1	3	12
328	1	3	7
329	1	6	7
330	1	2	7
331	1	5	1
332	1	3	2
333	0	6	2
334	1	3	18
335	1	1	0
336	1	1	19
337	1	3	7
338	1	5	7
339	0	2	3
340	0	6	13
341	1	1	12
342	0	3	3
343	1	3	14
344	1	2	12
345	0	2	0
346	0	6	1
347	1	5	7
348	1	0	10
349	1	4	20
350	1	1	4
351	1	1	4
352	0	3	7
353	1	3	1
354	1	1	3
355	1	6	20
356	1	1	0
357	0	6	1
358	1	2	17
359	1	3	17
360	0	2	14
361	1	3	20
362	1	1	10
363	0	3	1
364	0	1	4
365	1	5	15
366	1	5	12
367	1	2	0
368	1	3	1
369	1	1	17
370	1	1	4
371	0	1	4
372	0	2	2
373	0	3	14
374	1	2	2
375	1	3	1
376	1	2	17
377	0	1	0
378	0	3	1
379	1	2	2
380	1	3	17
381	0	3	20
382	0	2	7
383	1	2	11
384	1	2	6
385	1	2	0
386	0	3	7
387	0	2	0
388	1	2	6
389	1	2	4
390	1	4	11
391	1	1	7
392	1	3	17
393	1	1	0
394	1	1	5
395	1	2	1
396	1	3	17
397	1	2	17
398	0	3	6
399	0	1	3
400	1	1	0
401	1	2	11
402	1	1	4
403	1	1	4
404	1	6	1
405	1	2	20
406	1	1	17
407	1	2	11
408	1	1	12
409	0	2	1
410	0	4	1
411	1	3	15
412	1	2	11
413	1	2	0
414	0	3	0
415	1	4	14
416	0	2	0
417	0	2	3
418	1	1	3
419	1	3	1
420	0	4	3
421	1	6	17
422	1	1	4
423	1	2	17
424	1	2	12
425	1	1	4
426	1	3	12
427	0	1	4
428	1	1	0
429	0	1	10
430	1	1	10
431	1	4	16
432	1	5	6
433	0	4	3
434	1	2	7
435	1	1	4
436	1	3	17
437	1	1	11
438	1	3	14
439	1	6	1
440	1	3	1
441	1	2	1
442	1	2	3
443	1	6	0
444	1	4	12
445	0	5	0
446	0	4	11
447	1	2	17
448	1	2	7
449	1	4	1
450	1	6	13
451	1	5	17
452	1	1	4
453	1	2	20
454	0	3	2
455	1	3	0
456	1	1	4
457	1	5	16
458	0	1	4
459	1	4	18
460	1	5	7
461	1	1	16
462	1	2	7
463	0	1	4
464	1	1	19
465	1	2	5
466	0	3	3
467	0	0	10
468	1	3	6
469	0	0	10
470	1	3	7
471	1	3	0
472	0	1	4
473	1	2	17
474	0	2	2
475	1	3	0
476	1	3	14
477	1	5	16
478	1	2	12
479	0	1	4
480	1	4	7
481	1	2	14
482	1	1	12
483	0	0	10
484	1	6	7
485	1	6	0
486	0	3	17
487	1	2	12
488	1	1	4
489	1	0	10
490	1	1	4
491	1	2	12
492	1	5	7
493	0	3	0
494	1	1	10
495	1	1	4
496	0	2	17
497	1	3	17
498	0	2	1
499	0	1	2
500	1	2	2
501	1	3	6
502	1	3	11
503	1	2	2
504	1	3	17
505	1	2	16
506	0	2	0
507	1	2	12
508	1	2	2
509	1	1	12
510	0	4	4
511	1	3	0
512	1	2	0
513	1	2	2
514	1	2	1
515	0	6	14
516	0	2	14
517	0	3	12
518	0	3	14
519	0	3	20
520	1	6	7
521	1	2	12
522	1	5	7
523	1	1	0
524	1	3	6
525	1	4	17
526	0	2	2
527	0	1	17
528	1	3	12
529	1	2	2
530	0	1	14
531	1	2	7
532	1	2	12
533	1	2	15
534	1	3	6
535	1	2	20
536	1	4	14
537	1	6	16
538	1	2	2
539	1	1	1
540	0	1	4
541	1	1	4
542	1	2	5
543	1	3	12
544	1	3	17
545	0	2	0
546	1	3	12
547	0	3	16
548	1	2	6
549	1	4	8
550	1	3	20
551	1	5	18
552	1	2	2
553	1	2	12
554	1	1	4
555	0	2	9
556	1	6	1
557	1	3	20
558	0	2	7
559	1	4	15
560	0	1	14
561	1	3	20
562	1	2	4
563	1	4	1
564	1	2	16
565	1	2	17
566	1	3	20
567	0	5	17
568	0	1	4
569	1	2	4
570	1	5	5
571	1	1	4
572	0	3	2
573	1	2	19
574	1	2	12
575	0	4	15
576	1	3	0
577	1	1	17
578	1	2	5
579	1	0	10
580	1	5	14
581	1	1	4
582	0	2	0
583	0	2	0
584	1	1	1
585	1	3	14
586	1	2	20
587	0	2	11
588	1	1	2
589	0	3	6
590	1	2	0
591	1	1	0
592	0	5	1
593	0	6	13
594	1	2	7
595	0	2	1
596	1	3	12
597	1	3	7
598	1	5	6
599	1	3	17
600	0	1	20
601	0	6	6
602	0	2	6
603	1	4	17
604	0	1	4
605	0	0	10
606	1	2	0
607	1	1	4
608	1	2	7
609	1	2	4
610	1	3	0
611	1	5	7
612	1	3	20
613	1	3	1
614	1	5	17
615	1	2	7
616	0	2	7
617	1	2	0
618	0	1	1
619	1	1	0
620	1	1	4
621	1	2	0
622	1	2	17
623	1	2	1
624	0	3	12
625	1	1	4
626	1	5	2
627	0	3	0
628	0	0	10
629	0	3	14
630	1	3	17
631	1	4	17
632	1	2	17
633	0	0	10
634	1	6	17
635	1	1	20
636	1	3	12
637	1	2	6
638	1	4	17
639	1	1	4
640	0	3	0
641	0	3	1
642	1	2	2
643	1	2	20
644	1	3	20
645	1	3	7
646	1	3	12
647	0	2	12
648	1	2	4
649	1	2	17
650	1	3	7
651	1	1	20
652	1	6	13
653	1	5	7
654	0	2	2
655	0	4	16
656	0	5	13
657	0	2	0
658	0	2	0
659	1	4	16
660	1	4	1
661	1	1	4
662	0	2	7
663	1	3	18
664	1	1	2
665	0	1	0
666	1	2	18
667	0	2	3
668	1	2	17
669	1	2	12
670	1	1	4
671	1	3	7
672	1	2	20
673	1	2	17
674	1	2	20
675	1	1	16
676	1	5	2
677	1	2	0
678	1	3	16
679	1	2	12
680	1	3	7
681	1	2	4
682	1	2	4
683	1	2	4
684	1	2	4
685	1	1	4
686	0	2	7
687	1	6	13
688	0	5	0
689	1	2	12
690	1	3	11
691	0	2	0
692	1	3	12
693	1	1	4
694	0	1	1
695	1	2	12
696	0	5	6
697	1	1	4
698	1	1	0
699	1	5	17
700	0	1	4
701	1	3	7
702	0	6	1
703	0	3	8
704	1	2	4
705	1	3	20
706	1	3	7
707	1	2	0
708	1	1	0
709	1	2	20
710	1	2	18
711	1	2	0
712	1	3	7
713	1	1	4
714	1	1	0
715	1	1	4
716	1	2	11
717	1	1	2
718	1	0	0
719	1	1	0
720	0	3	9
721	1	2	12
722	1	2	12
723	1	5	13
724	1	6	11
725	0	2	9
726	1	3	11
727	1	2	6
728	1	3	12
729	1	2	0
730	1	4	3
731	1	2	7
732	1	3	16
733	1	2	7
734	1	2	14
735	1	1	12
736	1	0	19
737	1	1	17
738	1	3	12
739	1	2	14
740	1	2	5
741	1	1	0
742	0	0	2
743	1	2	17
744	1	0	10
745	0	1	19
746	1	1	4
747	1	2	0
748	1	3	18
749	0	3	9
750	0	2	17
751	0	2	3
752	1	0	10
753	1	3	7
754	0	3	0
755	1	3	0
756	1	2	12
757	1	3	7
758	0	6	3
759	1	6	15
760	1	1	7
761	1	0	10
762	1	1	10
763	1	1	20
764	1	2	17
765	0	2	7
766	1	2	12
767	1	2	12
768	1	4	17
769	1	1	4
770	0	5	1
771	1	1	12
772	1	2	6
773	1	1	4
774	1	0	17
775	0	2	3
776	1	1	19
777	1	1	17
778	1	2	0
779	1	2	17
780	1	1	4
781	1	6	1
782	1	2	4
783	1	1	0
784	1	1	19
785	1	2	0
786	1	1	4
787	1	2	0
788	1	1	1
789	1	2	17
790	1	3	7
791	1	2	17
792	0	3	14
793	1	5	20
794	0	3	14
795	1	5	6
796	0	5	7
797	0	2	20
798	0	2	5
799	0	3	12
800	0	2	20
801	1	2	16
802	1	1	4
803	1	2	20
804	1	3	12
805	1	3	0
806	1	1	4
807	1	2	7
808	1	2	17
809	1	2	12
810	1	5	0
811	1	2	6
812	1	1	4
813	0	1	4
814	1	2	4
815	1	4	0
816	1	1	4
817	1	1	4
818	1	3	7
819	1	3	7
820	1	1	2
821	0	2	1
822	1	2	0
823	1	3	12
824	1	6	1
825	0	3	1
826	1	4	2
827	1	1	4
828	1	0	19
829	1	3	7
830	0	4	0
831	1	1	2
832	1	3	7
833	0	3	12
834	1	6	0
835	1	2	11
836	1	6	7
837	1	5	17
838	1	2	0
839	0	2	3
840	0	5	14
841	0	1	0
842	1	2	7
843	1	2	0
844	0	1	0
845	1	2	5
846	0	2	7
847	1	2	15
848	1	2	3
849	1	3	0
850	1	1	4
851	1	2	5
852	1	2	17
853	0	2	16
854	0	1	2
855	0	4	6
856	1	3	17
857	1	3	14
858	1	2	12
859	1	1	0
860	1	2	7
861	1	3	7
862	1	2	7
863	0	2	0
864	1	3	1
865	1	0	10
866	1	4	12
867	1	5	17
868	1	1	20
869	0	2	1
870	1	0	10
871	1	5	1
872	1	6	6
873	1	4	15
874	1	0	10
875	1	2	4
876	1	2	0
877	1	1	2
878	1	4	16
879	1	3	17
880	1	1	14
881	1	1	2
882	0	3	14
883	1	0	10
884	1	3	0
885	0	6	0
886	0	6	16
887	0	0	10
888	1	4	20
889	1	1	4
890	1	2	1
891	1	3	0
892	0	5	6
893	1	1	4
894	1	5	1
895	1	1	15
896	1	2	6
897	1	2	7
898	0	2	1
899	0	6	13
900	0	6	0
901	1	6	0
902	1	6	13
903	1	3	20
904	0	4	12
905	1	0	10
906	0	4	6
907	0	5	1
908	1	4	7
909	0	5	0
910	1	5	0
911	0	3	2
912	1	2	0
913	0	3	9
914	1	2	7
915	0	2	1
916	1	5	6
917	0	4	1
918	0	3	1
919	1	1	4
920	1	2	17
921	1	6	16
922	1	2	7
923	1	5	17
924	0	3	3
925	1	0	10
926	0	2	20
927	0	6	16
928	1	2	15
929	1	2	5
930	0	6	1
931	0	3	6
932	1	4	1
933	0	3	7
934	1	3	14
935	1	1	4
936	1	2	15
937	0	2	1
938	0	2	20
939	1	0	10
940	1	1	20
941	0	5	6
942	0	4	12
943	1	3	0
944	1	4	7
945	1	3	7
946	1	1	0
947	1	6	12
948	1	5	17
949	1	3	7
950	1	4	2
951	1	6	16
952	1	5	20
953	0	2	0
954	0	5	7
955	1	3	1
956	1	3	1
957	1	3	2
958	1	5	11
959	1	0	10
960	1	1	10
961	0	2	1
962	1	2	0
963	1	2	7
964	1	6	7
965	1	6	2
966	0	1	0
967	1	5	12
968	0	2	11
969	1	2	0
970	1	2	12
971	1	4	1
972	0	2	1
973	1	3	19
974	1	3	0
975	1	3	14
976	1	2	2
977	1	1	0
978	1	0	10
979	1	2	6
980	1	2	20
981	0	2	9
982	0	2	16
983	1	5	16
984	1	2	4
985	0	6	0
986	0	3	17
987	1	5	11
988	1	5	0
989	1	1	6
990	0	2	9
991	0	3	3
992	1	2	0
993	1	1	2
994	0	1	4
995	1	2	17
996	1	0	19
997	1	4	20
998	1	2	15
999	0	2	6
1000	1	2	4
1001	1	5	11
1002	1	2	2
1003	1	2	3
1004	1	3	11
1005	1	1	4
1006	1	5	12
1007	1	3	3
1008	1	5	7
1009	1	2	0
1010	1	2	8
1011	0	3	1
1012	1	6	13
1013	0	4	17
1014	1	3	3
1015	1	6	16
1016	1	3	0
1017	1	1	4
1018	1	3	1
1019	1	1	20
1020	1	3	0
1021	1	2	3
1022	1	6	13
1023	0	3	1
1024	1	2	16
1025	0	4	0
1026	1	1	4
1027	0	4	7
1028	1	2	0
1029	1	2	7
1030	1	3	16
1031	1	5	16
1032	1	2	5
1033	0	3	1
1034	1	1	2
1035	1	3	7
1036	1	4	7
1037	0	6	15
1038	0	3	1
1039	1	2	11
1040	1	4	2
1041	1	3	5
1042	0	5	11
1043	1	2	20
1044	0	0	10
1045	1	6	18
1046	1	1	0
1047	1	3	6
1048	1	4	14
1049	1	2	1
1050	0	2	0
1051	0	3	2
1052	1	3	0
1053	1	0	10
1054	1	3	0
1055	1	0	0
1056	1	4	17
1057	1	2	1
1058	0	2	0
1059	1	1	10
1060	1	4	0
1061	1	5	19
1062	1	3	7
1063	1	2	7
1064	0	2	0
1065	1	4	12
1066	1	3	12
1067	0	1	4
1068	1	2	20
1069	0	4	2
1070	1	5	16
1071	0	3	7
1072	0	2	6
1073	1	4	17
1074	0	2	6
1075	0	2	3
1076	1	2	3
1077	0	4	9
1078	1	2	7
1079	1	6	7
1080	1	1	4
1081	1	4	7
1082	1	6	0
1083	1	0	19
1084	1	2	7
1085	1	1	4
1086	1	2	16
1087	0	0	10
1088	1	3	6
1089	1	2	7
1090	1	1	5
1091	0	1	4
1092	1	5	14
1093	0	1	0
1094	0	6	6
1095	1	0	10
1096	1	1	17
1097	1	3	7
1098	1	2	17
1099	1	2	0
1100	1	3	1
1101	1	1	1
1102	0	4	7
1103	1	3	11
1104	1	3	6
1105	1	1	4
1106	0	5	1
1107	1	6	1
1108	1	1	10
1109	0	6	6
1110	0	5	16
1111	1	1	6
1112	1	1	4
1113	0	1	9
1114	0	2	1
1115	1	2	15
1116	1	1	14
1117	1	5	13
1118	1	3	1
1119	1	1	4
1120	1	6	7
1121	1	6	14
1122	1	5	0
1123	1	2	2
1124	0	1	4
1125	1	6	16
1126	1	2	0
1127	1	2	1
1128	1	3	17
1129	1	1	7
1130	1	6	13
1131	1	1	12
1132	1	1	2
1133	1	1	20
1134	1	5	13
1135	0	3	7
1136	1	1	4
1137	1	1	12
1138	1	2	1
1139	0	4	2
1140	0	2	3
1141	1	1	1
1142	1	5	7
1143	1	2	7
1144	1	5	3
1145	0	1	16
1146	1	2	20
1147	1	3	17
1148	1	2	12
1149	0	2	20
1150	1	2	15
1151	1	1	4
1152	1	1	10
1153	0	0	10
1154	1	2	12
1155	0	5	2
1156	1	4	7
1157	0	3	1
1158	1	1	0
1159	1	1	14
1160	1	2	0
1161	0	3	0
1162	1	0	10
1163	0	2	19
1164	1	2	12
1165	1	6	6
1166	0	5	1
1167	0	2	0
1168	1	2	20
1169	1	6	3
1170	1	4	12
1171	0	2	0
1172	0	2	7
1173	0	1	16
1174	0	2	2
1175	1	6	1
1176	0	2	17
1177	1	6	0
1178	1	5	1
1179	0	5	20
1180	1	3	7
1181	1	0	10
1182	1	3	19
1183	0	2	4
1184	0	3	1
1185	1	1	19
1186	0	0	0
1187	1	4	7
1188	1	2	0
1189	1	4	0
1190	0	3	0
1191	1	5	16
1192	1	2	12
1193	0	2	1
1194	0	0	10
1195	0	1	14
1196	1	3	1
1197	1	0	10
1198	1	5	13
1199	1	0	0
1200	1	1	4
1201	1	3	12
1202	0	2	1
1203	1	2	7
1204	0	6	0
1205	0	5	7
1206	1	5	0
1207	1	2	0
1208	1	3	7
1209	1	2	17
1210	1	1	4
1211	0	5	1
1212	1	5	0
1213	1	6	13
1214	1	3	17
1215	1	2	2
1216	1	2	12
1217	1	6	15
1218	1	2	7
1219	1	0	10
1220	1	1	0
1221	1	3	0
1222	1	2	2
1223	1	5	13
1224	1	4	7
1225	1	1	20
1226	1	5	1
1227	1	2	1
1228	0	2	4
1229	1	2	11
1230	1	2	12
1231	0	1	4
1232	0	4	20
1233	1	1	4
1234	0	2	7
1235	0	2	1
1236	1	1	4
1237	0	3	20
1238	0	2	20
1239	0	1	14
1240	1	0	10
1241	0	3	0
1242	1	3	15
1243	1	2	4
1244	1	2	17
1245	1	1	4
1246	1	3	0
1247	0	3	20
1248	1	3	2
1249	1	5	0
1250	1	2	7
1251	1	6	13
1252	0	3	20
1253	0	1	1
1254	1	2	17
1255	1	2	20
1256	0	1	14
1257	1	4	7
1258	1	3	7
1259	1	2	17
1260	1	1	4
1261	1	2	4
1262	1	0	10
1263	1	2	1
1264	0	1	20
1265	1	2	4
1266	1	2	15
1267	1	5	2
1268	0	6	13
1269	1	2	6
1270	0	4	6
1271	1	1	20
1272	1	3	2
1273	1	4	7
1274	1	5	17
1275	1	3	17
1276	0	1	0
1277	1	1	4
1278	1	3	1
1279	1	0	10
1280	1	2	19
1281	1	5	1
1282	0	1	1
1283	1	4	16
1284	1	3	4
1285	1	3	17
1286	0	5	7
1287	0	3	19
1288	1	4	6
1289	1	3	0
1290	0	3	0
1291	1	2	7
1292	1	2	5
1293	0	5	20
1294	0	3	6
1295	1	0	0
1296	1	2	7
1297	1	3	6
1298	1	2	14
1299	1	0	10
1300	0	2	2
1301	1	1	4
1302	1	2	19
1303	1	2	14
1304	1	4	20
1305	1	2	3
1306	1	6	13
1307	1	0	10
1308	1	2	14
1309	1	4	0
1310	1	1	10
1311	1	2	14
1312	1	1	4
1313	0	1	4
1314	1	3	7
1315	1	5	2
1316	1	4	7
1317	1	1	16
1318	0	2	3
1319	1	2	4
1320	0	2	14
1321	1	6	0
1322	0	3	2
1323	1	3	16
1324	1	2	1
1325	0	2	0
1326	1	0	10
1327	1	3	14
1328	1	1	14
1329	1	6	1
1330	1	4	0
1331	1	2	7
1332	1	2	17
1333	1	5	7
1334	1	3	0
1335	0	5	20
1336	1	6	17
1337	1	2	0
1338	1	3	18
1339	1	2	7
1340	1	1	7
1341	1	3	0
1342	1	3	14
1343	0	2	9
1344	0	2	2
1345	1	3	20
1346	0	1	1
1347	0	0	10
1348	1	5	7
1349	0	3	0
1350	0	2	17
1351	1	3	20
1352	1	0	10
1353	0	2	2
1354	0	4	20
1355	0	1	4
1356	1	4	0
1357	1	3	17
1358	1	3	1
1359	1	2	20
1360	0	2	0
1361	1	3	12
1362	1	5	7
1363	0	4	2
1364	0	0	10
1365	1	0	10
1366	1	2	12
1367	0	2	3
1368	1	2	5
1369	1	3	2
1370	0	5	2
1371	1	0	10
1372	0	2	1
1373	1	5	1
1374	0	4	5
1375	0	4	1
1376	1	3	16
1377	0	4	7
1378	0	6	13
1379	1	0	10
1380	1	1	11
1381	0	4	1
1382	0	2	7
1383	1	1	10
1384	0	2	5
1385	0	2	0
1386	0	5	13
1387	1	6	20
1388	1	2	17
1389	1	3	16
1390	1	3	15
1391	1	4	3
1392	1	1	4
1393	0	2	3
1394	1	2	2
1395	0	2	12
1396	1	3	7
1397	0	6	16
1398	1	1	17
1399	1	2	7
1400	0	1	1
1401	1	1	4
1402	0	2	0
1403	1	5	16
1404	1	6	13
1405	1	2	4
1406	0	3	15
1407	1	2	0
1408	1	1	4
1409	1	5	7
1410	1	3	1
1411	1	2	17
1412	1	1	3
1413	1	1	4
1414	1	4	14
1415	1	2	14
1416	1	3	16
1417	1	1	4
1418	0	2	1
1419	1	1	4
1420	0	0	10
1421	1	3	17
1422	1	2	4
1423	1	3	0
1424	1	0	10
1425	1	1	14
1426	1	2	12
1427	0	4	11
1428	0	3	3
1429	1	1	4
1430	1	6	6
1431	1	3	1
1432	0	1	14
1433	0	0	10
1434	1	2	14
1435	0	5	6
1436	1	5	3
1437	1	1	2
1438	1	3	3
1439	1	3	12
1440	1	3	16
1441	1	1	2
1442	1	3	2
1443	0	2	4
1444	1	2	2
1445	1	3	12
1446	1	1	4
1447	0	2	3
1448	1	3	20
1449	1	1	4
1450	1	3	20
1451	0	6	13
1452	1	2	14
1453	1	1	4
1454	0	4	0
1455	1	2	2
1456	1	2	1
1457	1	0	0
1458	0	2	0
1459	0	1	4
1460	0	4	0
1461	1	3	16
1462	1	5	16
1463	1	3	12
1464	1	5	16
1465	1	1	4
1466	1	2	5
1467	1	0	14
1468	1	6	20
1469	1	1	4
1470	1	2	17
1471	1	2	7
1472	1	2	14
1473	1	2	4
1474	0	2	2
1475	0	1	0
1476	0	4	1
1477	1	0	10
1478	0	5	2
1479	1	2	20
1480	1	3	17
1481	1	2	7
1482	1	1	4
1483	1	2	12
1484	0	2	9
1485	1	2	16
1486	1	3	7
1487	1	2	7
1488	0	3	2
1489	1	5	7
1490	1	1	4
1491	1	2	12
1492	0	2	14
1493	1	2	17
1494	1	1	0
1495	1	2	17
1496	1	5	5
1497	1	1	4
1498	1	0	10
1499	1	2	17
1500	1	2	11
1501	1	1	4
1502	1	2	12
1503	1	1	19
1504	1	5	11
1505	1	2	7
1506	1	3	17
1507	0	0	10
1508	1	0	0
1509	0	2	1
1510	1	3	12
1511	1	2	20
1512	0	3	16
1513	1	1	4
1514	1	2	16
1515	0	2	12
1516	1	1	0
1517	1	2	2
1518	1	1	4
1519	1	2	17
1520	0	2	7
1521	1	3	20
1522	1	2	17
1523	1	1	4
1524	0	2	16
1525	1	6	17
1526	1	1	10
1527	1	2	15
1528	1	1	4
1529	1	2	4
1530	1	4	17
1531	1	1	14
1532	1	4	1
1533	1	5	12
1534	0	1	20
1535	0	3	3
1536	1	1	20
1537	1	2	3
1538	1	2	3
1539	1	4	0
1540	1	6	17
1541	1	1	17
1542	1	2	11
1543	1	2	12
1544	1	2	20
1545	1	2	4
1546	1	6	13
1547	1	3	1
1548	1	3	6
1549	1	1	4
1550	1	2	11
1551	1	4	20
1552	0	2	15
1553	0	3	12
1554	0	1	0
1555	1	1	4
1556	0	1	4
1557	1	1	6
1558	1	3	8
1559	0	2	3
1560	0	1	4
1561	1	1	20
1562	0	0	10
1563	1	5	1
1564	1	4	17
1565	1	3	16
1566	1	2	12
1567	0	0	10
1568	0	6	13
1569	1	1	17
1570	1	2	20
1571	0	2	3
1572	1	0	0
1573	1	2	6
1574	0	5	7
1575	0	4	9
1576	1	6	0
1577	1	1	4
1578	1	2	0
1579	0	1	4
1580	0	1	4
1581	1	1	0
1582	1	3	6
1583	1	2	19
1584	1	6	20
1585	1	4	7
1586	0	2	3
1587	1	2	11
1588	1	2	0
1589	1	3	1
1590	1	5	7
1591	1	3	7
1592	1	2	16
1593	0	3	20
1594	1	3	1
1595	0	1	5
1596	1	2	12
1597	1	3	13
1598	1	2	0
1599	1	3	7
1600	1	2	12
1601	0	2	7
1602	0	2	0
1603	1	2	11
1604	0	1	0
1605	0	3	3
1606	1	4	1
1607	1	2	11
1608	0	3	9
1609	1	2	11
1610	1	2	0
1611	1	2	17
1612	1	1	20
1613	1	3	0
1614	0	4	7
1615	1	2	0
1616	1	2	12
1617	1	5	0
1618	1	5	3
1619	1	2	20
1620	1	2	4
1621	1	1	4
1622	1	5	15
1623	1	2	0
1624	1	4	0
1625	1	1	4
1626	1	1	17
1627	1	1	20
1628	1	1	4
1629	1	4	17
1630	0	5	0
1631	1	2	16
1632	0	4	7
1633	0	6	0
1634	1	2	0
1635	0	2	19
1636	1	6	0
1637	0	1	17
1638	1	2	17
1639	1	3	17
1640	1	2	0
1641	1	5	13
1642	1	4	2
1643	1	1	12
1644	0	1	9
1645	1	2	20
1646	1	1	18
1647	1	5	14
1648	1	1	19
1649	1	2	19
1650	1	2	12
1651	1	2	16
1652	1	1	0
1653	0	4	0
1654	1	1	4
1655	1	2	17
1656	0	4	0
1657	0	3	6
1658	0	1	9
1659	0	2	2
1660	1	3	7
1661	1	2	12
1662	1	1	4
1663	0	1	4
1664	1	4	17
1665	1	2	14
1666	1	5	16
1667	1	3	2
1668	0	2	17
1669	0	6	13
1670	1	3	0
1671	1	2	17
1672	1	0	10
1673	1	3	2
1674	0	2	6
1675	1	1	4
1676	1	1	14
1677	0	1	17
1678	1	2	12
1679	1	2	20
1680	1	1	4
1681	1	2	2
1682	0	2	7
1683	1	1	3
1684	1	3	12
1685	1	3	12
1686	1	2	3
1687	0	1	4
1688	1	3	5
1689	1	3	16
1690	0	2	17
1691	1	3	20
1692	1	2	12
1693	1	2	12
1694	1	2	1
1695	1	3	7
1696	0	1	4
1697	1	3	2
1698	0	2	19
1699	1	2	20
1700	0	2	4
1701	1	1	10
1702	1	1	15
1703	1	2	4
1704	0	1	4
1705	1	2	20
1706	1	5	1
1707	1	2	0
1708	1	2	0
1709	1	1	0
1710	0	1	4
1711	1	2	0
1712	1	2	0
1713	1	2	17
1714	1	2	16
1715	1	2	0
1716	0	5	6
1717	1	1	4
1718	1	1	16
1719	1	1	4
1720	1	1	19
1721	1	3	0
1722	1	3	17
1723	1	1	4
1724	1	1	19
1725	1	2	2
1726	1	3	16
1727	1	1	4
1728	1	2	7
1729	0	1	4
1730	0	1	0
1731	1	1	4
1732	1	1	14
1733	1	4	17
1734	1	1	20
1735	1	6	8
1736	1	3	20
1737	1	3	16
1738	1	6	16
1739	1	6	1
1740	1	3	7
1741	1	2	15
1742	1	3	17
1743	1	3	12
1744	1	4	0
1745	1	2	4
1746	1	2	0
1747	1	5	1
1748	1	2	2
1749	1	5	5
1750	1	3	20
1751	1	2	3
1752	1	3	6
1753	1	1	19
1754	0	1	4
1755	0	2	1
1756	1	2	4
1757	0	2	0
1758	1	2	16
1759	0	2	3
1760	1	3	0
1761	1	2	14
1762	1	3	7
1763	1	1	0
1764	1	1	4
1765	0	4	0
1766	1	2	20
1767	1	4	16
1768	1	2	17
1769	1	3	16
1770	1	2	17
1771	1	6	2
1772	1	1	4
1773	1	2	17
1774	1	2	4
1775	1	2	0
1776	1	2	20
1777	1	1	4
1778	1	1	1
1779	1	3	1
1780	0	3	0
1781	1	4	0
1782	1	1	4
1783	1	1	20
1784	1	1	4
1785	1	4	1
1786	1	1	8
1787	1	4	2
1788	1	0	10
1789	1	2	0
1790	1	1	4
1791	0	2	2
1792	1	2	4
1793	1	2	11
1794	1	1	17
1795	1	5	11
1796	1	3	7
1797	1	4	11
1798	1	3	11
1799	1	1	4
1800	0	2	6
1801	1	1	4
1802	1	2	2
1803	1	2	7
1804	1	1	4
1805	1	1	4
1806	1	1	17
1807	0	1	4
1808	0	2	14
1809	1	5	13
1810	1	6	2
1811	0	2	12
1812	0	3	6
1813	1	5	7
1814	1	0	1
1815	0	3	9
1816	1	3	1
1817	1	0	8
1818	0	3	12
1819	1	2	20
1820	1	2	20
1821	0	2	0
1822	0	3	1
1823	0	1	4
1824	1	2	7
1825	1	4	11
1826	0	2	1
1827	1	1	4
1828	1	2	16
1829	1	1	4
1830	1	1	4
1831	0	1	4
1832	1	1	17
1833	1	3	5
1834	1	2	19
1835	1	2	0
1836	1	2	2
1837	1	3	7
1838	1	1	4
1839	1	2	12
1840	1	1	0
1841	1	1	4
1842	1	2	12
1843	0	1	4
1844	1	2	2
1845	1	4	12
1846	1	1	4
1847	1	3	5
1848	1	3	7
1849	1	1	5
1850	1	2	19
1851	1	2	12
1852	1	5	0
1853	1	2	0
1854	1	1	4
1855	1	6	7
1856	1	0	10
1857	0	1	4
1858	0	2	4
1859	1	6	16
1860	1	5	16
1861	1	5	14
1862	1	1	4
1863	1	3	7
1864	0	1	1
1865	1	2	7
1866	1	5	7
1867	1	5	11
1868	1	4	14
1869	1	6	13
1870	0	4	1
1871	1	5	20
1872	1	3	7
1873	1	4	7
1874	1	3	12
1875	1	2	12
1876	0	4	20
1877	1	0	10
1878	1	2	4
1879	1	3	0
1880	1	3	2
1881	1	3	16
1882	0	5	0
1883	1	4	20
1884	1	5	17
1885	1	2	12
1886	1	6	15
1887	1	3	12
1888	1	1	14
1889	1	5	6
1890	1	4	1
1891	1	2	20
1892	0	3	0
1893	0	3	7
1894	1	3	14
1895	1	6	13
1896	0	5	2
1897	1	2	12
1898	0	4	6
1899	1	6	12
1900	1	5	7
1901	1	2	19
1902	1	3	0
1903	1	1	1
1904	0	3	20
1905	0	2	5
1906	1	3	17
1907	1	6	13
1908	1	1	4
1909	1	0	10
1910	0	1	4
1911	1	2	4
1912	1	2	17
1913	0	3	14
1914	1	5	13
1915	1	4	7
1916	1	1	10
1917	0	4	6
1918	1	0	0
1919	0	3	7
1920	1	6	12
1921	0	2	7
1922	1	3	7
1923	0	6	6
1924	1	5	7
1925	0	0	0
1926	1	3	7
1927	1	0	10
1928	0	0	10
1929	1	2	15
1930	1	2	2
1931	1	2	7
1932	1	1	19
1933	1	2	17
1934	1	0	10
1935	1	3	0
1936	1	2	11
1937	0	2	2
1938	0	3	2
1939	1	2	12
1940	1	3	17
1941	1	3	5
1942	1	1	4
1943	0	1	4
1944	1	2	20
1945	1	2	14
1946	1	2	7
1947	1	0	10
1948	1	1	17
1949	1	2	12
1950	0	1	4
1951	1	3	1
1952	0	2	2
1953	1	2	16
1954	1	0	19
1955	1	3	0
1956	0	1	4
1957	0	2	1
1958	0	5	13
1959	1	4	7
1960	0	5	3
1961	0	1	1
1962	0	5	9
1963	0	2	6
1964	1	6	17
1965	1	2	20
1966	1	5	7
1967	1	2	11
1968	0	2	3
1969	1	5	13
1970	0	2	14
1971	1	4	17
1972	1	2	1
1973	1	3	17
1974	1	1	4
1975	1	3	5
1976	1	6	6
1977	1	0	10
1978	1	6	17
1979	1	3	7
1980	1	6	1
1981	1	0	10
1982	1	2	14
1983	1	1	10
1984	1	4	12
1985	1	5	13
1986	1	2	17
1987	0	2	1
1988	1	5	6
1989	1	2	7
1990	1	2	20
1991	1	1	4
1992	1	3	17
1993	1	3	2
1994	1	2	1
1995	1	3	0
1996	1	2	0
1997	0	5	9
1998	0	3	3
1999	1	1	4
2000	1	5	1
2001	0	6	13
2002	1	0	10
2003	1	4	19
2004	1	1	4
2005	1	3	0
2006	1	5	16
2007	1	2	3
2008	0	3	7
2009	1	1	4
2010	0	3	3
2011	1	2	4
2012	1	4	0
2013	1	1	4
2014	1	1	4
2015	0	6	2
2016	1	2	17
2017	1	3	16
2018	1	5	1
2019	1	2	7
2020	1	2	0
2021	1	2	7
2022	1	1	4
2023	1	0	19
2024	1	6	13
2025	1	5	16
2026	0	2	9
2027	1	4	6
2028	0	2	12
2029	1	2	4
2030	1	3	20
2031	1	5	14
2032	0	4	20
2033	0	4	2
2034	0	1	0
2035	0	2	14
2036	1	6	14
2037	0	4	1
2038	1	5	16
2039	0	2	7
2040	0	2	20
2041	1	0	10
2042	1	2	14
2043	0	4	0
2044	0	0	0
2045	1	3	1
2046	1	0	10
2047	1	5	6
2048	0	5	0
2049	0	3	3
2050	1	3	7
2051	1	0	10
2052	1	4	11
2053	1	2	12
2054	1	5	11
2055	1	2	4
2056	1	3	1
2057	0	6	1
2058	1	3	0
2059	1	0	1
2060	1	6	1
2061	1	1	4
2062	1	2	4
2063	1	3	1
2064	1	2	6
2065	0	2	6
2066	1	5	16
2067	0	3	12
2068	1	6	15
2069	0	3	6
2070	1	4	7
2071	0	5	12
2072	0	1	4
2073	1	1	4
2074	0	2	4
2075	1	1	4
2076	1	1	0
2077	1	1	4
2078	1	0	10
2079	1	2	11
2080	1	1	17
2081	1	0	19
2082	1	1	4
2083	1	1	4
2084	1	1	0
2085	1	3	14
2086	1	2	0
2087	1	5	7
2088	1	3	17
2089	1	3	17
2090	0	3	20
2091	1	6	1
2092	1	1	0
2093	1	3	2
2094	1	6	13
2095	0	2	17
2096	1	1	5
2097	1	3	20
2098	0	1	0
2099	0	2	0
2100	1	2	16
2101	1	2	11
2102	1	3	12
2103	1	4	15
2104	1	2	1
2105	0	1	20
2106	1	2	1
2107	1	0	10
2108	1	2	16
2109	1	5	11
2110	1	6	13
2111	0	4	12
2112	1	2	6
2113	1	1	18
2114	1	3	17
2115	1	1	4
2116	1	6	13
2117	1	2	14
2118	1	3	4
2119	1	0	0
2120	1	6	13
2121	1	3	12
2122	0	3	0
2123	1	2	0
2124	1	3	3
2125	1	6	14
2126	1	1	4
2127	0	4	1
2128	1	2	5
2129	1	4	0
2130	1	2	0
2131	1	6	14
2132	0	0	10
2133	1	1	10
2134	1	5	1
2135	1	3	18
2136	0	0	10
2137	0	1	4
2138	0	5	3
2139	1	4	14
2140	0	5	16
2141	0	4	14
2142	1	1	4
2143	1	1	0
2144	1	1	10
2145	1	1	2
2146	0	1	0
2147	0	1	0
2148	1	2	0
2149	0	1	4
2150	1	6	13
2151	1	1	4
2152	1	1	16
2153	1	2	12
2154	0	0	10
2155	1	1	19
2156	0	1	3
2157	1	2	12
2158	0	5	14
2159	0	1	19
2160	0	3	2
2161	0	0	10
2162	1	1	0
2163	1	3	0
2164	1	2	7
2165	1	0	10
2166	0	2	6
2167	1	0	10
2168	1	0	0
2169	0	5	16
2170	1	3	0
2171	1	1	20
2172	1	5	13
2173	1	5	12
2174	1	2	4
2175	1	0	19
2176	0	3	20
2177	1	4	14
2178	0	2	0
2179	1	2	12
2180	1	2	0
2181	0	2	4
2182	0	6	1
2183	1	1	4
2184	1	4	17
2185	1	1	5
2186	1	4	16
2187	0	1	19
2188	1	0	10
2189	0	2	15
2190	1	1	4
2191	0	2	0
2192	1	0	10
2193	1	2	17
2194	1	0	10
2195	1	2	12
2196	0	2	1
2197	0	3	9
2198	1	0	10
2199	1	3	1
2200	1	6	20
2201	0	0	10
2202	1	4	12
2203	1	6	3
2204	0	2	7
2205	1	4	7
2206	1	1	4
2207	1	2	0
2208	1	3	7
2209	1	4	17
2210	1	4	6
2211	1	1	4
2212	0	2	0
2213	0	2	1
2214	0	2	0
2215	0	2	20
2216	1	0	10
2217	1	3	17
2218	1	2	6
2219	0	5	3
2220	1	6	17
2221	0	4	1
2222	1	2	2
2223	1	2	12
2224	1	2	5
2225	0	2	7
2226	1	5	14
2227	1	2	12
2228	1	4	0
2229	0	4	1
2230	1	5	11
2231	1	2	14
2232	0	3	3
2233	1	6	1
2234	1	0	10
2235	1	0	10
2236	0	3	6
2237	0	2	4
2238	1	1	10
2239	1	4	12
2240	1	4	5
2241	1	1	4
2242	1	4	2
2243	1	0	10
2244	1	0	10
2245	1	2	0
2246	1	4	2
2247	0	3	12
2248	1	2	5
2249	1	1	19
2250	1	3	14
2251	0	1	1
2252	0	5	0
2253	1	3	5
2254	0	3	6
2255	0	4	15
2256	0	1	4
2257	0	1	4
2258	0	6	16
2259	0	2	20
2260	1	2	5
2261	1	4	17
2262	1	2	6
2263	0	4	7
2264	1	6	13
2265	0	5	2
2266	0	6	13
2267	0	3	1
2268	0	4	0
2269	1	1	1
2270	1	5	14
2271	1	2	0
2272	1	2	6
2273	1	1	2
2274	1	6	7
2275	1	6	13
2276	0	4	9
2277	1	5	17
2278	1	5	7
2279	1	6	6
2280	1	4	11
2281	1	5	2
2282	1	3	18
2283	1	2	20
2284	0	0	10
2285	1	3	17
2286	1	6	0
2287	1	0	10
2288	0	5	1
2289	1	2	0
2290	1	4	1
2291	1	5	15
2292	0	6	3
2293	1	6	13
2294	1	4	11
2295	0	2	6
2296	1	6	13
2297	1	3	17
2298	0	1	10
2299	1	6	13
2300	0	2	12
2301	1	5	12
2302	1	5	17
2303	1	4	12
2304	1	5	20
2305	0	1	4
2306	1	2	17
2307	0	4	16
2308	0	4	0
2309	1	4	12
2310	0	2	4
2311	1	4	0
2312	0	5	6
2313	0	2	1
2314	1	6	7
2315	1	3	0
2316	0	4	9
2317	1	6	7
2318	1	3	7
2319	0	5	1
2320	1	2	7
2321	0	6	13
2322	1	3	3
2323	1	3	17
2324	0	1	4
2325	1	1	4
2326	1	1	10
2327	1	6	7
2328	0	6	15
2329	1	4	7
2330	1	6	1
2331	1	6	14
2332	1	5	6
2333	0	6	7
2334	1	5	17
2335	1	3	18
2336	1	3	17
2337	1	4	17
2338	0	6	3
2339	1	3	2
2340	1	6	1
2341	1	3	3
2342	0	4	1
2343	1	2	12
2344	1	3	16
2345	0	0	10
2346	1	3	1
2347	1	5	12
2348	1	2	8
2349	1	1	4
2350	0	2	0
2351	1	5	13
2352	0	3	9
2353	1	3	11
2354	0	4	9
2355	0	5	16
2356	0	3	14
2357	0	6	6
2358	1	6	13
2359	1	5	6
2360	1	6	7
2361	1	2	14
2362	1	5	14
2363	0	6	9
2364	1	5	7
2365	0	4	16
2366	0	2	9
2367	0	6	13
2368	1	3	14
2369	1	5	1
2370	0	3	7
2371	0	4	7
2372	1	4	7
2373	1	2	14
2374	0	5	7
2375	1	2	1
2376	1	3	0
2377	1	2	3
2378	1	1	18
2379	1	2	4
2380	0	3	9
2381	1	5	13
2382	0	2	14
2383	1	3	17
2384	0	4	2
2385	0	2	0
2386	1	2	17
2387	1	6	5
2388	1	2	16
2389	0	2	6
2390	1	5	18
2391	0	6	3
2392	1	6	13
2393	1	3	6
2394	1	3	7
2395	0	1	0
2396	0	3	11
2397	1	2	0
2398	1	3	17
2399	0	2	16
2400	1	2	4
2401	1	4	17
2402	1	1	4
2403	1	1	7
2404	1	5	8
2405	0	6	12
2406	1	3	16
2407	0	4	1
2408	0	3	9
2409	1	6	7
2410	0	3	14
2411	1	6	13
2412	0	6	7
2413	1	2	1
2414	1	2	7
2415	1	4	7
2416	1	4	1
2417	0	0	10
2418	1	2	0
2419	1	5	7
2420	1	3	7
2421	0	5	9
2422	0	4	9
2423	1	2	17
2424	0	3	14
2425	1	6	0
2426	0	2	14
2427	1	4	17
2428	1	2	2
2429	1	2	4
2430	0	2	4
2431	1	2	4
2432	1	2	4
2433	1	2	4
2434	1	2	4
2435	1	2	7
2436	1	2	4
2437	1	3	1
2438	1	4	17
2439	1	5	17
2440	0	4	6
2441	1	3	17
2442	0	3	0
2443	0	4	4
2444	1	2	0
2445	1	1	7
2446	1	2	14
2447	1	3	6
2448	1	6	13
2449	1	4	16
2450	1	4	12
2451	1	4	7
2452	1	2	7
2453	1	1	0
2454	1	3	7
2455	1	2	5
2456	1	2	0
2457	1	2	7
2458	1	5	7
2459	0	5	1
2460	1	1	4
2461	1	3	1
2462	1	2	7
2463	0	1	4
2464	1	5	6
2465	1	2	15
2466	1	0	10
2467	1	5	1
2468	1	2	4
2469	1	3	18
2470	1	5	13
2471	1	2	18
2472	1	2	12
2473	1	2	12
2474	0	2	18
2475	1	5	12
2476	1	4	0
2477	1	5	1
2478	0	2	1
2479	0	1	20
2480	1	3	14
2481	0	5	3
2482	1	6	13
2483	1	4	5
2484	1	3	14
2485	1	1	12
2486	1	4	7
2487	0	4	2
2488	0	3	9
2489	1	2	12
2490	1	3	7
2491	0	4	2
2492	1	4	2
2493	1	1	4
2494	0	1	4
2495	1	5	1
2496	0	5	14
2497	1	6	18
2498	1	5	0
2499	1	6	1
2500	1	2	15
2501	1	6	13
2502	1	3	17
2503	1	2	7
2504	1	2	7
2505	0	2	14
2506	1	2	4
2507	0	3	3
2508	1	2	5
2509	1	2	7
2510	1	2	7
2511	0	4	14
2512	1	6	1
2513	1	6	14
2514	1	4	12
2515	0	4	6
2516	0	3	9
2517	1	2	7
2518	0	4	2
2519	0	6	2
2520	1	3	17
2521	1	1	11
2522	1	2	17
2523	0	6	9
2524	0	3	1
2525	1	6	13
2526	1	3	15
2527	1	6	0
2528	0	3	9
2529	1	1	0
2530	0	4	7
2531	0	6	13
2532	0	2	3
2533	0	5	6
2534	0	6	2
2535	1	6	13
2536	1	3	11
2537	1	6	13
2538	1	3	7
2539	0	4	6
2540	0	3	5
2541	0	4	13
2542	0	3	0
2543	1	4	1
2544	1	6	13
2545	0	6	13
2546	0	3	0
2547	0	3	6
2548	1	6	13
2549	1	5	7
2550	1	2	12
2551	0	2	9
2552	1	2	7
2553	1	2	1
2554	1	6	7
2555	1	2	4
2556	0	1	19
2557	1	6	17
2558	1	1	10
2559	0	4	6
2560	1	2	15
2561	1	1	0
2562	1	4	13
2563	0	3	20
2564	1	3	5
2565	1	3	17
2566	1	2	0
2567	1	2	17
2568	1	4	0
2569	0	6	14
2570	1	3	17
2571	1	3	14
2572	1	4	16
2573	1	5	6
2574	1	3	7
2575	1	1	17
2576	1	2	7
2577	1	5	7
2578	1	3	15
2579	0	4	1
2580	1	2	11
2581	0	2	1
2582	1	3	7
2583	0	6	1
2584	1	4	15
2585	1	2	20
2586	1	3	7
2587	0	6	13
2588	1	2	0
2589	1	1	4
2590	1	1	1
2591	1	5	7
2592	1	6	16
2593	1	3	7
2594	1	1	4
2595	1	5	7
2596	0	5	0
2597	1	2	17
2598	1	2	12
2599	1	2	14
2600	1	3	16
2601	1	4	12
2602	1	2	17
2603	1	2	0
2604	1	3	7
2605	1	5	7
2606	0	6	0
2607	0	2	1
2608	0	5	12
2609	1	4	7
2610	1	2	3
2611	0	4	3
2612	1	3	1
2613	1	2	7
2614	1	2	7
2615	1	3	7
2616	0	4	15
2617	0	1	4
2618	1	3	12
2619	1	1	4
2620	1	1	0
2621	0	3	6
2622	1	6	1
2623	0	3	0
2624	1	3	7
2625	1	6	1
2626	1	2	1
2627	0	2	2
2628	1	2	11
2629	0	1	5
2630	0	5	1
2631	1	6	0
2632	0	3	9
2633	1	6	1
2634	1	3	0
2635	1	1	12
2636	0	3	20
2637	1	2	14
2638	0	2	6
2639	1	3	12
2640	1	2	6
2641	1	2	0
2642	1	4	17
2643	1	1	15
2644	1	2	7
2645	1	4	17
2646	0	3	11
2647	1	2	17
2648	1	2	16
2649	1	4	7
2650	1	6	14
2651	1	3	20
2652	1	2	7
2653	0	3	9
2654	1	3	7
2655	1	6	13
2656	0	0	10
2657	1	2	7
2658	1	3	14
2659	1	6	17
2660	1	6	13
2661	1	2	17
2662	0	2	4
2663	1	3	7
2664	1	3	11
2665	1	4	16
2666	0	3	6
2667	0	2	4
2668	1	4	0
2669	1	3	6
2670	0	3	12
2671	1	3	7
2672	1	3	7
2673	1	2	4
2674	1	3	18
2675	1	6	20
2676	0	3	7
2677	1	2	6
2678	0	1	4
2679	1	2	12
2680	0	2	4
2681	1	1	4
2682	1	3	7
2683	0	1	0
2684	1	4	7
2685	1	2	0
2686	1	0	10
2687	1	2	17
2688	1	2	12
2689	1	2	7
2690	1	1	4
2691	0	1	4
2692	1	6	13
2693	1	1	4
2694	1	3	11
2695	1	2	7
2696	0	5	17
2697	0	2	2
2698	0	6	13
2699	1	2	7
2700	1	4	1
2701	1	4	6
2702	1	3	11
2703	1	6	13
2704	1	2	1
2705	0	2	1
2706	1	6	13
2707	1	2	7
2708	0	2	0
2709	1	3	17
2710	0	2	4
2711	0	1	19
2712	1	2	7
2713	1	1	4
2714	0	5	4
2715	0	5	4
2716	1	2	4
2717	0	2	4
2718	1	2	12
2719	1	3	0
2720	1	4	14
2721	1	3	7
2722	0	2	9
2723	0	4	2
2724	1	3	7
2725	1	4	11
2726	1	2	11
2727	1	3	12
2728	1	5	7
2729	1	3	11
2730	1	3	7
2731	1	4	17
2732	1	4	17
2733	0	1	4
2734	1	2	7
2735	1	4	12
2736	1	2	3
2737	0	5	2
2738	0	3	7
2739	1	4	17
2740	1	2	14
2741	1	2	17
2742	1	2	14
2743	1	1	17
2744	0	3	1
2745	1	5	14
2746	0	1	4
2747	1	2	4
2748	1	2	12
2749	0	2	15
2750	0	2	16
2751	1	2	15
2752	0	5	20
2753	1	5	12
2754	1	3	7
2755	1	1	4
2756	1	2	2
2757	1	6	8
2758	1	2	7
2759	1	6	0
2760	1	3	6
2761	1	5	16
2762	0	1	4
2763	1	2	7
2764	1	5	7
2765	1	4	7
2766	1	2	0
2767	1	2	17
2768	1	2	7
2769	1	3	1
2770	1	1	1
2771	1	3	17
2772	1	3	2
2773	1	2	1
2774	0	1	4
2775	1	2	14
2776	1	1	4
2777	1	6	13
2778	1	3	7
2779	1	2	17
2780	1	3	4
2781	0	1	4
2782	1	4	17
2783	1	5	20
2784	1	6	13
2785	1	2	4
2786	1	2	4
2787	1	6	1
2788	1	1	4
2789	1	2	20
2790	1	6	7
2791	1	1	4
2792	1	3	7
2793	1	2	2
2794	1	5	13
2795	1	2	14
2796	0	2	7
2797	1	3	20
2798	1	1	0
2799	0	1	4
2800	0	2	3
2801	1	3	20
2802	1	2	7
2803	0	3	0
2804	1	6	19
2805	1	0	10
2806	0	3	11
2807	1	6	16
2808	1	2	7
2809	0	0	10
2810	1	2	19
2811	1	2	17
2812	1	2	20
2813	1	3	7
2814	1	3	17
2815	1	2	7
2816	1	3	12
2817	1	2	12
2818	1	4	14
2819	0	3	0
2820	1	1	20
2821	1	5	7
2822	1	2	4
2823	1	1	4
2824	0	2	20
2825	1	3	12
2826	1	2	17
2827	1	1	4
2828	1	4	20
2829	1	3	7
2830	1	2	0
2831	1	2	17
2832	1	2	15
2833	1	3	1
2834	1	3	20
2835	1	2	12
2836	1	1	0
2837	1	1	1
2838	1	2	17
2839	1	2	0
2840	1	5	12
2841	1	3	17
2842	0	2	4
2843	1	2	20
2844	1	2	4
2845	0	1	4
2846	1	1	4
2847	1	2	0
2848	1	4	11
2849	1	1	20
2850	0	2	7
2851	1	2	12
2852	1	0	1
2853	0	1	4
2854	1	2	4
2855	1	3	11
2856	1	2	0
2857	0	0	10
2858	1	1	1
2859	1	3	17
2860	1	2	15
2861	1	4	7
2862	0	2	2
2863	0	3	3
2864	0	2	6
2865	1	2	7
2866	1	4	17
2867	1	3	12
2868	1	5	17
2869	1	5	18
2870	0	2	14
2871	1	2	20
2872	0	1	4
2873	0	3	20
2874	1	2	2
2875	1	2	17
2876	1	3	1
2877	0	5	20
2878	1	1	4
2879	1	1	12
2880	0	2	12
2881	1	1	20
2882	1	1	20
2883	0	5	3
2884	0	1	1
2885	1	1	4
2886	1	2	3
2887	1	2	14
2888	1	3	3
2889	1	3	7
2890	0	1	4
2891	1	2	4
2892	1	2	1
2893	1	1	4
2894	1	2	11
2895	1	1	14
2896	1	2	5
2897	1	1	4
2898	1	3	14
2899	1	1	12
2900	1	2	17
2901	1	2	12
2902	1	2	16
2903	1	2	4
2904	1	3	17
2905	1	3	19
2906	0	3	5
2907	1	1	2
2908	1	2	7
2909	1	0	19
2910	0	2	4
2911	0	1	4
2912	0	3	20
2913	1	2	4
2914	1	2	7
2915	1	4	2
2916	1	2	0
2917	1	2	12
2918	1	1	17
2919	1	2	2
2920	1	5	1
2921	1	2	17
2922	1	3	12
2923	0	1	4
2924	0	2	4
2925	0	1	2
2926	1	2	12
2927	1	2	2
2928	1	1	2
2929	1	5	17
2930	1	1	4
2931	1	2	12
2932	1	3	11
2933	0	3	20
2934	1	2	0
2935	0	1	4
2936	0	1	4
2937	0	2	0
2938	0	2	15
2939	1	2	0
2940	1	3	12
2941	0	5	1
2942	1	3	12
2943	0	1	4
2944	0	3	17
2945	1	3	16
2946	0	2	0
2947	1	1	14
2948	1	2	17
2949	1	1	0
2950	0	3	14
2951	1	2	4
2952	1	2	20
2953	1	1	2
2954	1	3	14
2955	1	2	12
2956	1	1	4
2957	1	2	7
2958	1	3	17
2959	1	1	4
2960	1	5	17
2961	1	3	3
2962	0	1	4
2963	1	2	17
2964	0	3	4
2965	0	2	4
2966	1	2	0
2967	0	1	0
2968	1	2	7
2969	1	1	4
2970	1	2	4
2971	1	2	4
2972	0	1	4
2973	1	1	4
2974	1	3	11
2975	1	1	20
2976	0	1	4
2977	1	3	20
2978	1	3	2
2979	1	4	7
2980	1	4	6
2981	1	2	4
2982	1	1	4
2983	1	2	4
2984	1	1	4
2985	1	2	4
2986	1	1	4
2987	0	1	6
2988	1	3	12
2989	1	3	12
2990	1	5	1
2991	1	1	4
2992	1	1	19
2993	1	3	5
2994	1	2	15
2995	1	1	0
2996	0	3	16
2997	0	2	1
2998	1	2	7
2999	1	2	4
3000	1	1	4
3001	1	4	11
3002	1	1	15
3003	0	1	4
3004	1	2	17
3005	1	1	4
3006	1	3	0
3007	1	1	4
3008	0	3	3
3009	1	2	12
3010	1	2	1
3011	1	2	12
3012	1	4	17
3013	1	3	7
3014	1	6	6
3015	1	1	12
3016	0	3	9
3017	1	3	0
3018	1	5	12
3019	0	3	7
3020	0	4	15
3021	1	2	17
3022	0	2	7
3023	1	3	17
3024	0	3	0
3025	0	1	4
3026	1	1	4
3027	1	0	10
3028	1	1	4
3029	1	3	1
3030	1	1	4
3031	1	2	0
3032	1	1	4
3033	0	1	1
3034	0	2	7
3035	1	6	13
3036	0	2	2
3037	0	3	2
3038	0	5	3
3039	1	2	8
3040	1	2	4
3041	1	6	1
3042	1	1	2
3043	1	3	16
3044	1	4	1
3045	1	0	4
3046	0	2	4
3047	1	1	2
3048	0	5	0
3049	1	3	12
3050	1	1	17
3051	1	3	12
3052	0	2	3
3053	1	1	4
3054	0	2	3
3055	1	2	18
3056	0	2	12
3057	1	1	12
3058	1	3	0
3059	0	3	1
3060	1	4	2
3061	1	1	4
3062	1	1	4
3063	1	3	17
3064	0	1	4
3065	1	1	4
3066	0	2	0
3067	0	3	9
3068	1	1	4
3069	0	1	4
3070	1	2	1
3071	1	5	1
3072	1	2	0
3073	1	2	0
3074	0	2	11
3075	1	3	17
3076	1	1	4
3077	0	3	1
3078	0	2	1
3079	1	2	20
3080	1	2	7
3081	0	3	6
3082	0	5	0
3083	1	2	16
3084	1	2	4
3085	1	1	12
3086	0	0	1
3087	0	2	4
3088	1	4	16
3089	1	2	2
3090	0	2	0
3091	1	3	15
3092	0	4	20
3093	1	3	0
3094	0	2	3
3095	0	4	3
3096	0	2	5
3097	1	2	4
3098	1	2	17
3099	0	2	6
3100	1	1	15
3101	1	2	12
3102	1	2	20
3103	1	1	17
3104	1	3	12
3105	1	2	0
3106	1	2	17
3107	1	5	6
3108	0	2	11
3109	1	2	0
3110	1	1	4
3111	1	1	12
3112	1	2	10
3113	1	1	5
3114	1	3	17
3115	1	2	12
3116	1	3	0
3117	1	2	0
3118	1	4	1
3119	1	1	4
3120	1	2	2
3121	0	2	7
3122	1	2	2
3123	1	2	12
3124	1	2	7
3125	1	2	2
3126	0	2	0
3127	1	1	2
3128	1	2	7
3129	1	2	7
3130	0	2	2
3131	1	3	7
3132	1	1	4
3133	1	1	4
3134	1	2	15
3135	0	2	4
3136	1	2	11
3137	1	3	17
3138	1	6	13
3139	0	2	4
3140	1	2	14
3141	1	2	20
3142	0	5	16
3143	0	2	7
3144	1	1	4
3145	1	2	0
3146	1	2	14
3147	1	1	20
3148	1	1	4
3149	0	2	3
3150	0	2	0
3151	1	1	4
3152	0	2	4
3153	0	2	4
3154	1	2	7
3155	1	3	7
3156	1	2	12
3157	1	2	15
3158	0	2	15
3159	1	2	17
3160	1	2	7
3161	1	2	1
3162	1	1	15
3163	1	1	12
3164	1	3	7
3165	1	1	4
3166	1	2	2
3167	0	3	5
3168	1	5	0
3169	1	2	0
3170	0	5	3
3171	1	1	12
3172	1	2	12
3173	0	1	14
3174	1	3	16
3175	1	2	17
3176	0	2	6
3177	0	3	5
3178	0	1	20
3179	1	2	14
3180	1	2	12
3181	1	2	12
3182	1	5	7
3183	0	2	18
3184	1	1	7
3185	1	5	1
3186	1	3	12
3187	1	6	13
3188	1	2	16
3189	1	0	17
3190	1	2	12
3191	1	1	4
3192	1	2	0
3193	1	2	15
3194	1	1	4
3195	0	1	4
3196	0	1	14
3197	1	2	12
3198	1	1	0
3199	0	2	1
3200	1	4	7
3201	0	1	4
3202	1	3	0
3203	1	4	16
3204	0	3	16
3205	1	1	20
3206	1	3	7
3207	1	2	14
3208	1	2	0
3209	0	4	0
3210	1	5	16
3211	0	2	17
3212	0	2	1
3213	0	6	7
3214	0	5	13
3215	1	3	1
3216	0	3	0
3217	1	6	6
3218	0	1	4
3219	1	3	7
3220	1	2	0
3221	1	3	7
3222	1	2	20
3223	0	2	14
3224	1	1	0
3225	1	3	4
3226	0	2	14
3227	1	2	14
3228	0	6	1
3229	1	3	16
3230	1	2	7
3231	1	3	12
3232	1	5	2
3233	0	0	0
3234	1	1	4
3235	1	1	15
3236	1	3	7
3237	1	3	7
3238	0	2	12
3239	1	1	4
3240	0	5	0
3241	1	5	13
3242	1	2	12
3243	0	1	4
3244	1	1	2
3245	0	3	1
3246	1	3	15
3247	0	2	7
3248	0	2	4
3249	1	2	4
3250	1	3	17
3251	1	5	0
3252	0	3	4
3253	0	3	6
3254	0	2	15
3255	1	2	15
3256	1	2	14
3257	1	4	6
3258	0	1	4
3259	1	2	4
3260	1	4	20
3261	1	2	14
3262	1	5	11
3263	0	2	1
3264	1	2	15
3265	0	2	4
3266	1	2	4
3267	1	2	12
3268	0	1	20
3269	1	1	11
3270	0	3	0
3271	1	3	0
3272	1	3	7
3273	1	2	20
3274	1	3	7
3275	1	2	20
3276	1	2	17
3277	1	3	7
3278	1	4	15
3279	1	2	7
3280	1	2	17
3281	1	4	3
3282	1	3	16
3283	1	2	6
3284	1	2	4
3285	0	3	7
3286	1	6	13
3287	1	2	14
3288	1	4	6
3289	1	2	14
3290	0	2	7
3291	0	5	6
3292	1	4	14
3293	1	1	4
3294	1	1	18
3295	1	1	14
3296	1	1	4
3297	1	0	10
3298	0	2	4
3299	1	3	5
3300	0	2	2
3301	1	2	17
3302	1	6	17
3303	0	4	5
3304	1	6	20
3305	1	4	14
3306	1	5	6
3307	0	1	20
3308	1	2	17
3309	1	4	14
3310	1	2	4
3311	0	1	4
3312	1	3	20
3313	1	2	7
3314	1	2	12
3315	1	0	19
3316	1	2	4
3317	1	6	13
3318	0	6	13
3319	1	2	1
3320	1	3	1
3321	0	1	4
3322	1	3	14
3323	1	3	17
3324	0	3	14
3325	1	4	7
3326	1	1	12
3327	1	6	19
3328	1	5	18
3329	0	3	1
3330	0	2	7
3331	1	2	7
3332	1	1	16
3333	1	3	0
3334	1	2	0
3335	1	3	17
3336	1	2	4
3337	1	4	16
3338	1	2	17
3339	1	4	16
3340	1	2	20
3341	0	2	5
3342	0	1	4
3343	1	3	0
3344	1	2	7
3345	1	3	7
3346	0	3	7
3347	1	4	16
3348	0	1	4
3349	0	1	0
3350	0	1	5
3351	1	3	0
3352	1	3	17
3353	1	2	7
3354	1	2	1
3355	1	3	7
3356	1	2	18
3357	0	2	1
3358	1	2	20
3359	0	2	0
3360	1	2	4
3361	0	2	0
3362	0	3	9
3363	1	6	13
3364	1	5	17
3365	1	3	14
3366	1	5	16
3367	1	2	14
3368	1	4	18
3369	1	1	4
3370	1	2	2
3371	1	6	13
3372	1	1	16
3373	1	3	5
3374	1	2	4
3375	1	3	16
3376	1	2	17
3377	1	1	4
3378	1	3	1
3379	1	5	0
3380	1	2	0
3381	0	0	10
3382	1	6	16
3383	1	3	7
3384	0	2	9
3385	1	1	4
3386	1	1	1
3387	0	2	1
3388	1	1	0
3389	0	4	20
3390	1	1	4
3391	1	5	6
3392	1	3	12
3393	1	3	7
3394	1	2	7
3395	1	2	12
3396	1	2	5
3397	1	1	20
3398	1	2	4
3399	1	2	14
3400	1	3	7
3401	1	3	20
3402	1	3	5
3403	1	2	8
3404	1	3	14
3405	0	2	7
3406	0	4	5
3407	1	2	17
3408	1	2	4
3409	1	3	1
3410	1	1	4
3411	1	2	18
3412	0	2	17
3413	1	2	17
3414	1	3	7
3415	1	2	12
3416	0	1	2
3417	0	1	3
3418	1	4	1
3419	0	2	7
3420	1	4	7
3421	1	2	5
3422	1	2	7
3423	1	2	6
3424	1	1	20
3425	1	2	20
3426	1	2	14
3427	1	4	1
3428	0	2	7
3429	0	4	1
3430	0	4	6
3431	1	2	12
3432	1	1	12
3433	1	1	4
3434	1	4	1
3435	1	3	0
3436	0	2	0
3437	0	2	0
3438	1	1	17
3439	1	6	17
3440	0	2	14
3441	1	1	12
3442	0	3	17
3443	1	5	14
3444	0	3	20
3445	1	2	7
3446	1	2	12
3447	0	1	3
3448	1	2	14
3449	1	2	5
3450	0	2	11
3451	1	2	14
3452	1	3	7
3453	1	1	0
3454	0	2	0
3455	1	2	17
3456	1	2	20
3457	1	4	0
3458	1	1	4
3459	1	0	4
3460	1	3	0
3461	0	2	4
3462	1	2	15
3463	0	2	14
3464	1	2	14
3465	1	2	14
3466	1	2	14
3467	1	2	20
3468	1	4	17
3469	1	3	17
3470	1	1	4
3471	1	2	6
3472	0	3	16
3473	1	3	11
3474	1	2	14
3475	1	5	0
3476	0	5	1
3477	1	2	7
3478	1	1	4
3479	1	2	0
3480	1	1	4
3481	1	5	17
3482	0	4	7
3483	1	1	4
3484	1	2	0
3485	0	1	0
3486	1	1	4
3487	1	4	17
3488	1	1	4
3489	1	2	0
3490	1	2	16
3491	1	3	7
3492	1	2	17
3493	1	2	1
3494	1	1	4
3495	1	3	5
3496	0	3	2
3497	1	2	17
3498	1	2	3
3499	1	3	7
3500	0	3	7
3501	0	1	7
3502	1	1	4
3503	1	1	7
3504	0	2	15
3505	1	1	12
3506	1	2	0
3507	1	1	4
3508	1	1	4
3509	0	1	4
3510	1	5	0
3511	1	1	17
3512	1	2	16
3513	1	1	12
3514	1	3	3
3515	1	1	4
3516	1	1	12
3517	0	1	7
3518	0	2	14
3519	1	2	0
3520	1	2	0
3521	1	1	0
3522	1	3	7
3523	0	2	0
3524	0	1	4
3525	1	3	2
3526	1	2	0
3527	1	3	5
3528	0	4	1
3529	1	2	0
3530	0	2	11
3531	0	3	14
3532	1	2	2
3533	1	3	17
3534	1	4	18
3535	1	1	4
3536	1	0	10
3537	1	3	0
3538	0	2	4
3539	1	1	17
3540	1	2	3
3541	1	2	15
3542	1	2	17
3543	0	2	4
3544	1	3	12
3545	1	2	20
3546	1	3	16
3547	1	4	7
3548	0	3	7
3549	1	2	5
3550	0	6	0
3551	0	3	2
3552	1	3	16
3553	1	2	15
3554	1	6	7
3555	1	2	17
3556	1	1	5
3557	1	1	17
3558	1	1	4
3559	0	2	6
3560	1	3	14
3561	0	2	6
3562	1	2	2
3563	1	2	11
3564	1	2	18
3565	1	4	0
3566	1	2	14
3567	1	2	0
3568	0	1	2
3569	1	3	12
3570	1	1	4
3571	1	3	11
3572	1	0	10
3573	0	3	6
3574	1	2	18
3575	1	5	7
3576	0	6	0
3577	1	5	3
3578	1	1	0
3579	0	1	3
3580	1	1	1
3581	0	3	0
3582	0	2	9
3583	1	1	0
3584	1	3	20
3585	1	3	20
3586	1	3	3
3587	1	2	2
3588	0	4	0
3589	0	1	15
3590	1	3	6
3591	0	6	2
3592	0	2	9
3593	1	0	0
3594	1	2	0
3595	0	3	4
3596	1	2	17
3597	1	6	1
3598	1	2	16
3599	1	3	20
3600	0	3	3
3601	1	2	12
3602	0	3	7
3603	0	0	10
3604	1	1	12
3605	0	2	15
3606	1	3	17
3607	0	3	9
3608	0	2	17
3609	1	1	6
3610	1	2	2
3611	1	2	14
3612	1	2	0
3613	1	2	0
3614	1	2	17
3615	1	4	0
3616	1	3	7
3617	1	6	17
3618	1	5	16
3619	1	2	7
3620	1	1	4
3621	1	1	1
3622	1	3	11
3623	1	2	12
3624	1	1	10
3625	1	2	17
3626	0	3	1
3627	1	2	7
3628	0	5	7
3629	1	1	4
3630	1	1	4
3631	1	5	11
3632	1	3	18
3633	1	5	1
3634	1	5	1
3635	1	2	0
3636	1	2	6
3637	1	2	2
3638	1	1	4
3639	1	3	7
3640	1	2	0
3641	0	2	7
3642	1	2	17
3643	0	2	11
3644	1	3	17
3645	1	3	20
3646	1	2	7
3647	1	1	4
3648	0	2	0
3649	1	2	0
3650	1	2	14
3651	1	2	12
3652	1	1	15
3653	1	2	17
3654	0	2	7
3655	0	4	5
3656	1	1	17
3657	0	2	7
3658	1	1	4
3659	1	3	7
3660	1	3	12
3661	1	3	16
3662	0	3	9
3663	0	3	1
3664	1	2	0
3665	1	4	0
3666	0	0	10
3667	0	4	7
3668	1	2	14
3669	1	4	14
3670	1	2	4
3671	1	3	5
3672	1	2	2
3673	1	2	20
3674	1	3	7
3675	0	3	12
3676	0	2	12
3677	1	2	0
3678	1	2	4
3679	0	2	1
3680	1	2	7
3681	0	5	1
3682	1	2	2
3683	1	2	17
3684	1	2	5
3685	1	2	7
3686	0	5	1
3687	1	1	6
3688	1	2	0
3689	1	1	0
3690	1	2	7
3691	1	3	17
3692	1	2	15
3693	1	2	12
3694	1	2	2
3695	1	3	7
3696	1	2	15
3697	1	2	7
3698	0	6	3
3699	1	2	14
3700	1	3	1
3701	1	3	15
3702	1	1	12
3703	0	3	0
3704	1	4	7
3705	1	2	12
3706	0	1	0
3707	1	6	7
3708	1	2	12
3709	1	0	10
3710	1	3	0
3711	1	2	17
3712	0	2	7
3713	1	2	17
3714	1	1	5
3715	1	1	12
3716	1	3	17
3717	1	5	17
3718	1	2	1
3719	1	4	7
3720	1	2	15
3721	1	2	18
3722	1	2	14
3723	1	3	6
3724	1	1	4
3725	1	2	17
3726	1	3	7
3727	1	1	4
3728	1	1	4
3729	1	2	1
3730	1	2	17
3731	1	2	17
3732	1	1	4
3733	1	1	4
3734	1	2	0
3735	1	3	1
3736	1	2	14
3737	1	4	7
3738	1	6	11
3739	1	1	5
3740	1	2	0
3741	1	2	0
3742	0	3	7
3743	1	2	0
3744	0	2	9
3745	1	2	5
3746	1	4	13
3747	1	1	4
3748	0	2	0
3749	0	1	4
3750	0	3	12
3751	0	1	1
3752	1	2	7
3753	1	6	7
3754	0	5	14
3755	1	1	12
3756	1	2	7
3757	0	3	5
3758	1	3	6
3759	1	5	0
3760	1	2	17
3761	1	5	6
3762	1	2	2
3763	1	2	1
3764	0	5	3
3765	0	1	1
3766	1	2	0
3767	1	2	4
3768	1	2	15
3769	0	3	3
3770	1	2	1
3771	1	3	17
3772	1	3	6
3773	1	2	0
3774	1	3	12
3775	0	2	4
3776	1	1	4
3777	1	2	0
3778	0	4	2
3779	1	0	0
3780	0	6	11
3781	0	2	0
3782	1	2	7
3783	0	2	1
3784	0	2	20
3785	0	2	0
3786	0	2	0
3787	0	1	0
3788	0	2	0
3789	0	2	17
3790	1	5	18
3791	1	2	6
3792	1	1	4
3793	0	1	4
3794	0	1	4
3795	1	4	14
3796	1	2	7
3797	1	2	7
3798	1	1	0
3799	1	1	1
3800	1	1	12
3801	1	1	0
3802	0	3	9
3803	1	2	6
3804	0	3	1
3805	1	1	4
3806	0	3	19
3807	1	2	7
3808	1	3	6
3809	1	5	7
3810	1	2	15
3811	1	3	17
3812	1	3	7
3813	1	2	15
3814	1	2	17
3815	0	2	3
3816	1	3	3
3817	1	4	17
3818	1	2	12
3819	1	2	17
3820	1	2	20
3821	1	4	20
3822	1	6	7
3823	1	2	17
3824	1	1	1
3825	1	2	1
3826	1	5	2
3827	1	2	20
3828	0	2	1
3829	1	1	4
3830	0	1	6
3831	0	2	7
3832	1	2	1
3833	1	1	2
3834	1	2	7
3835	0	5	8
3836	1	2	17
3837	0	2	14
3838	1	5	14
3839	0	2	0
3840	1	4	18
3841	0	3	16
3842	0	0	10
3843	1	1	4
3844	1	2	12
3845	1	3	0
3846	1	2	7
3847	1	2	15
3848	1	3	0
3849	1	1	3
3850	1	2	12
3851	1	5	16
3852	1	2	14
3853	1	2	14
3854	1	2	17
3855	0	3	20
3856	1	1	14
3857	0	4	9
3858	1	2	0
3859	1	4	17
3860	1	1	4
3861	1	2	17
3862	1	2	0
3863	1	5	20
3864	0	0	10
3865	1	4	14
3866	1	3	3
3867	1	1	12
3868	1	1	17
3869	1	2	17
3870	1	1	4
3871	1	2	1
3872	0	4	2
3873	1	2	7
3874	1	2	0
3875	1	2	0
3876	1	4	1
3877	1	3	16
3878	1	2	3
3879	1	2	7
3880	1	1	2
3881	1	6	14
3882	1	5	16
3883	1	1	4
3884	1	2	12
3885	1	3	7
3886	1	1	4
3887	1	4	17
3888	1	4	6
3889	1	1	4
3890	0	6	16
3891	1	2	20
3892	1	2	6
3893	1	3	16
3894	0	3	0
3895	1	3	0
3896	1	6	17
3897	1	4	11
3898	1	2	17
3899	0	2	14
3900	1	1	14
3901	1	2	5
3902	1	2	0
3903	1	0	10
3904	1	2	17
3905	1	5	17
3906	0	1	14
3907	1	2	0
3908	1	1	17
3909	1	2	20
3910	1	1	0
3911	1	2	4
3912	1	1	17
3913	1	3	4
3914	0	3	3
3915	1	2	4
3916	0	3	9
3917	1	2	18
3918	1	4	0
3919	1	3	17
3920	1	2	14
3921	1	1	4
3922	1	3	2
3923	1	5	12
3924	1	2	12
3925	1	2	2
3926	0	2	16
3927	1	2	0
3928	1	2	5
3929	1	6	3
3930	1	2	5
3931	1	2	7
3932	0	3	6
3933	1	2	0
3934	1	3	18
3935	0	3	12
3936	1	6	2
3937	1	2	2
3938	1	4	7
3939	1	3	20
3940	1	4	17
3941	1	1	4
3942	0	3	7
3943	0	3	16
3944	0	4	1
3945	0	2	12
3946	1	2	0
3947	0	4	12
3948	1	4	0
3949	1	2	4
3950	0	1	4
3951	0	4	1
3952	1	2	12
3953	1	1	4
3954	1	3	0
3955	1	2	0
3956	1	3	11
3957	1	4	7
3958	0	4	1
3959	0	3	14
3960	1	2	1
3961	0	6	0
3962	1	5	20
3963	1	6	16
3964	1	1	11
3965	1	2	0
3966	0	1	2
3967	1	2	2
3968	1	6	7
3969	0	2	2
3970	0	1	4
3971	0	2	6
3972	1	2	7
3973	1	3	0
3974	0	2	5
3975	0	2	0
3976	1	3	14
3977	1	3	13
3978	0	5	9
3979	1	2	4
3980	0	4	0
3981	1	6	13
3982	1	2	0
3983	1	2	7
3984	1	4	16
3985	1	2	7
3986	0	1	4
3987	0	2	14
3988	1	5	12
3989	1	2	16
3990	1	2	7
3991	1	2	4
3992	1	2	0
3993	1	5	7
3994	1	3	17
3995	1	1	14
3996	1	3	17
3997	1	4	0
3998	1	3	17
3999	1	3	7
4000	0	2	1
4001	1	4	16
4002	1	6	13
4003	1	5	0
4004	1	3	7
4005	1	0	7
4006	1	3	12
4007	1	1	1
4008	1	1	7
4009	1	2	14
4010	1	2	17
4011	1	1	4
4012	1	2	1
4013	1	2	0
4014	0	4	3
4015	1	5	0
4016	1	2	14
4017	0	4	20
4018	1	3	17
4019	1	2	6
4020	1	5	20
4021	1	3	14
4022	0	3	9
4023	1	2	5
4024	0	6	6
4025	1	2	7
4026	0	2	7
4027	1	2	4
4028	0	6	3
4029	1	3	7
4030	1	2	0
4031	1	2	12
4032	1	2	6
4033	1	2	0
4034	1	1	4
4035	1	2	1
4036	1	5	16
4037	1	5	6
4038	1	2	16
4039	1	2	20
4040	1	1	3
4041	1	3	15
4042	0	2	15
4043	0	3	3
4044	1	6	13
4045	1	4	17
4046	1	1	4
4047	0	3	1
4048	1	4	11
4049	1	3	6
4050	1	1	14
4051	1	2	2
4052	1	2	18
4053	1	3	3
4054	1	5	0
4055	1	0	10
4056	1	3	6
4057	1	2	6
4058	1	2	14
4059	1	2	18
4060	1	5	6
4061	1	2	7
4062	0	3	1
4063	1	4	0
4064	0	4	5
4065	1	2	0
4066	1	4	20
4067	1	6	3
4068	1	3	15
4069	1	2	15
4070	1	2	17
4071	1	5	6
4072	1	2	6
4073	1	3	6
4074	1	2	16
4075	1	2	17
4076	0	3	2
4077	1	2	15
4078	1	3	17
4079	1	3	1
4080	1	1	12
4081	1	2	20
4082	1	6	14
4083	1	6	13
4084	0	2	6
4085	0	0	10
4086	1	0	4
4087	1	2	3
4088	1	2	7
4089	1	6	6
4090	1	2	17
4091	0	2	0
4092	1	2	4
4093	1	2	17
4094	1	2	0
4095	1	2	15
4096	1	2	7
4097	1	3	7
4098	1	3	17
4099	1	6	6
4100	1	1	4
4101	1	0	10
4102	1	1	16
4103	1	1	16
4104	1	5	7
4105	1	2	16
4106	0	2	0
4107	1	3	17
4108	1	3	3
4109	0	4	7
4110	1	2	15
4111	1	4	18
4112	1	3	17
4113	1	3	14
4114	1	2	15
4115	1	3	7
4116	1	1	4
4117	1	2	3
4118	1	5	1
4119	1	2	16
4120	1	4	7
4121	1	1	19
4122	0	2	4
4123	1	2	18
4124	1	3	2
4125	1	2	17
4126	1	5	17
4127	1	3	6
4128	1	6	11
4129	1	3	6
4130	1	4	7
4131	1	2	17
4132	1	4	4
4133	0	4	12
4134	1	0	10
4135	1	5	16
4136	1	2	7
4137	1	2	7
4138	1	6	14
4139	1	2	0
4140	1	3	17
4141	1	6	7
4142	0	2	5
4143	1	1	4
4144	0	5	1
4145	1	3	17
4146	0	5	7
4147	0	3	7
4148	1	3	1
4149	1	2	0
4150	1	4	20
4151	1	2	14
4152	1	5	17
4153	1	2	1
4154	1	5	17
4155	1	6	20
4156	1	5	18
4157	0	0	10
4158	0	5	9
4159	1	3	20
4160	1	4	0
4161	0	2	14
4162	1	6	7
4163	1	3	1
4164	0	2	14
4165	0	2	7
4166	1	2	20
4167	0	4	6
4168	1	5	0
4169	1	4	7
4170	1	6	16
4171	1	3	7
4172	0	1	11
4173	0	3	3
4174	1	3	0
4175	1	4	7
4176	1	3	17
4177	0	5	16
4178	0	3	20
4179	1	6	13
4180	0	2	7
4181	1	2	18
4182	1	2	1
4183	1	5	7
4184	1	2	14
4185	1	2	7
4186	0	6	20
4187	1	5	7
4188	1	3	14
4189	1	4	17
4190	0	4	15
4191	1	3	17
4192	1	6	13
4193	1	1	4
4194	0	6	13
4195	1	3	14
4196	0	4	1
4197	1	1	4
4198	0	2	9
4199	1	4	7
4200	0	2	0
4201	1	2	7
4202	1	2	18
4203	1	3	7
4204	0	2	15
4205	0	3	1
4206	1	3	1
4207	0	3	0
4208	1	6	0
4209	1	2	17
4210	1	4	5
4211	1	6	18
4212	1	3	7
4213	0	2	0
4214	1	2	7
4215	1	2	17
4216	1	1	4
4217	1	5	17
4218	1	3	17
4219	1	3	0
4220	1	3	4
4221	0	4	17
4222	0	3	17
4223	0	4	1
4224	0	2	3
4225	0	3	6
4226	1	2	19
4227	1	5	18
4228	1	3	17
4229	1	6	13
4230	0	5	18
4231	0	3	20
4232	1	3	4
4233	0	4	3
4234	1	5	2
4235	0	2	3
4236	1	2	14
4237	1	3	16
4238	1	5	7
4239	1	3	17
4240	1	3	7
4241	1	5	7
4242	1	6	7
4243	1	3	17
4244	1	5	12
4245	0	3	7
4246	1	2	4
4247	1	2	4
4248	0	1	17
4249	0	5	0
4250	1	4	7
4251	0	3	3
4252	1	4	11
4253	1	2	17
4254	1	5	12
4255	0	0	2
4256	1	5	16
4257	1	2	17
4258	1	3	17
4259	1	2	16
4260	0	3	6
4261	0	3	6
4262	1	2	7
4263	1	4	1
4264	1	2	12
4265	1	6	13
4266	1	3	7
4267	0	4	20
4268	1	3	18
4269	1	4	7
4270	1	3	7
4271	1	4	17
4272	1	4	13
4273	0	4	1
4274	0	4	16
4275	0	4	0
4276	1	3	16
4277	0	4	7
4278	1	2	16
4279	1	3	17
4280	1	6	13
4281	1	3	0
4282	0	2	9
4283	1	5	7
4284	1	3	0
4285	1	3	17
4286	1	2	7
4287	0	2	9
4288	1	3	14
4289	1	2	17
4290	1	3	14
4291	1	2	0
4292	0	4	9
4293	1	0	10
4294	1	1	18
4295	1	6	6
4296	1	4	15
4297	0	1	14
4298	0	2	2
4299	0	1	4
4300	1	3	11
4301	1	5	1
4302	1	2	2
4303	1	1	0
4304	0	4	17
4305	1	4	7
4306	1	2	0
4307	1	2	0
4308	1	2	0
4309	1	2	4
4310	1	5	13
4311	1	2	18
4312	0	2	7
4313	1	2	17
4314	1	1	4
4315	1	2	6
4316	0	3	14
4317	1	2	5
4318	1	3	7
4319	1	2	5
4320	1	4	7
4321	0	5	6
4322	1	1	4
4323	1	2	5
4324	1	2	0
4325	0	4	13
4326	1	3	17
4327	1	5	3
4328	0	2	14
4329	0	4	6
4330	1	3	6
4331	0	2	3
4332	1	5	2
4333	1	2	1
4334	1	3	0
4335	0	2	0
4336	1	1	20
4337	0	1	5
4338	1	2	2
4339	0	2	17
4340	1	3	17
4341	1	2	0
4342	1	2	12
4343	1	2	1
4344	0	2	14
4345	1	1	17
4346	0	1	20
4347	1	4	0
4348	1	1	2
4349	1	1	2
4350	1	2	12
4351	1	1	4
4352	1	2	7
4353	1	3	14
4354	1	5	14
4355	1	3	16
4356	0	3	9
4357	1	3	17
4358	1	1	4
4359	0	2	9
4360	1	3	15
4361	1	2	17
4362	1	3	14
4363	1	2	18
4364	0	5	16
4365	1	1	15
4366	1	3	0
4367	1	1	17
4368	1	5	7
4369	1	2	16
4370	0	1	4
4371	1	3	17
4372	1	5	12
4373	1	1	4
4374	0	2	5
4375	0	2	5
4376	1	2	0
4377	1	1	17
4378	1	2	4
4379	0	2	1
4380	1	2	4
4381	1	2	18
4382	0	1	4
4383	1	2	0
4384	1	2	4
4385	1	2	5
4386	0	1	4
4387	1	4	3
4388	1	2	4
4389	1	2	0
4390	0	1	4
4391	1	1	4
4392	1	1	4
4393	1	2	4
4394	1	5	6
4395	1	1	1
4396	1	1	4
4397	0	1	4
4398	0	1	4
4399	0	1	4
4400	1	1	4
4401	0	1	14
4402	1	2	15
4403	1	2	1
4404	1	2	14
4405	1	2	16
4406	1	1	4
4407	0	4	2
4408	1	2	14
4409	1	1	19
4410	1	1	4
4411	1	1	4
4412	1	0	13
4413	1	2	4
4414	1	1	0
4415	1	1	4
4416	1	2	15
4417	0	5	0
4418	0	4	12
4419	1	2	15
4420	1	4	0
4421	1	2	5
4422	1	1	4
4423	1	2	7
4424	1	3	7
4425	1	4	17
4426	1	1	0
4427	1	2	14
4428	1	2	5
4429	0	2	0
4430	1	0	14
4431	1	2	12
4432	1	2	0
4433	0	3	7
4434	1	2	7
4435	1	2	12
4436	0	3	5
4437	1	5	0
4438	1	3	6
4439	1	3	1
4440	1	1	4
4441	1	5	15
4442	1	6	2
4443	0	2	12
4444	1	2	3
4445	1	1	18
4446	1	4	5
4447	1	2	14
4448	1	2	12
4449	1	2	15
4450	1	2	14
4451	0	2	7
4452	1	3	0
4453	1	2	20
4454	1	3	7
4455	0	3	2
4456	1	3	14
4457	0	2	4
4458	1	2	1
4459	1	2	14
4460	1	2	20
4461	0	2	0
4462	1	5	7
4463	0	5	1
4464	1	1	4
4465	1	3	11
4466	0	5	6
4467	0	3	7
4468	0	4	12
4469	1	3	12
4470	1	2	6
4471	0	4	16
4472	1	3	1
4473	1	3	7
4474	1	1	4
4475	1	4	1
4476	1	2	7
4477	1	0	12
4478	1	5	13
4479	1	2	0
4480	1	2	18
4481	0	3	1
4482	0	2	6
4483	0	2	17
4484	1	2	4
4485	1	3	8
4486	1	2	7
4487	1	3	7
4488	1	1	4
4489	1	3	5
4490	1	1	4
4491	1	6	13
4492	0	0	10
4493	1	4	0
4494	1	1	4
4495	1	4	2
4496	1	5	0
4497	1	5	7
4498	1	2	6
4499	1	5	7
4500	1	2	17
4501	1	5	0
4502	1	6	1
4503	0	2	0
4504	1	5	7
4505	1	5	16
4506	1	1	4
4507	1	2	20
4508	1	2	7
4509	1	4	7
4510	1	3	7
4511	1	2	1
4512	1	6	0
4513	1	1	3
4514	1	6	13
4515	1	1	4
4516	0	1	1
4517	1	2	0
4518	1	5	7
4519	1	2	4
4520	1	3	12
4521	1	4	1
4522	1	1	2
4523	1	2	2
4524	1	2	14
4525	1	2	20
4526	1	1	0
4527	1	2	14
4528	1	3	6
4529	0	3	1
4530	1	1	4
4531	1	2	7
4532	1	2	12
4533	1	1	4
4534	1	1	19
4535	1	1	12
4536	0	4	1
4537	1	2	12
4538	1	3	19
4539	0	2	14
4540	1	0	10
4541	1	3	0
4542	1	2	2
4543	1	6	1
4544	1	2	16
4545	1	2	7
4546	1	1	12
4547	1	1	2
4548	0	0	10
4549	1	1	16
4550	1	1	12
4551	1	2	0
4552	0	3	16
4553	0	2	9
4554	0	1	9
4555	1	4	16
4556	1	2	14
4557	1	3	14
4558	1	2	7
4559	1	2	0
4560	0	2	9
4561	1	3	10
4562	0	2	6
4563	1	3	12
4564	1	3	14
4565	1	3	17
4566	1	1	4
4567	0	2	4
4568	1	2	0
4569	1	4	17
4570	1	3	7
4571	0	0	10
4572	1	5	16
4573	1	2	4
4574	0	0	10
4575	0	2	7
4576	1	3	7
4577	1	2	0
4578	0	1	4
4579	0	6	13
4580	1	2	1
4581	0	2	0
4582	1	5	1
4583	0	4	0
4584	1	3	7
4585	1	2	4
4586	1	3	14
4587	0	2	4
4588	1	2	17
4589	0	1	20
4590	1	2	15
4591	1	1	4
4592	0	4	1
4593	1	3	16
4594	1	2	18
4595	0	1	4
4596	0	2	4
4597	0	3	3
4598	0	3	0
4599	1	2	0
4600	1	3	14
4601	1	3	7
4602	0	3	2
4603	1	2	15
4604	1	2	15
4605	0	0	10
4606	1	2	0
4607	0	2	0
4608	0	2	4
4609	0	2	4
4610	0	1	4
4611	0	1	4
4612	1	2	12
4613	0	4	1
4614	1	2	17
4615	1	2	20
4616	0	2	6
4617	1	2	14
4618	0	2	1
4619	0	1	17
4620	1	2	4
4621	1	2	12
4622	1	2	16
4623	1	2	12
4624	1	2	7
4625	1	2	14
4626	1	6	1
4627	0	6	6
4628	0	1	4
4629	0	2	4
4630	1	1	4
4631	1	2	0
4632	1	0	0
4633	1	5	20
4634	1	1	4
4635	1	1	2
4636	0	3	9
4637	1	2	4
4638	1	3	11
4639	1	2	4
4640	1	2	7
4641	1	2	0
4642	1	2	0
4643	1	5	1
4644	0	5	6
4645	0	2	6
4646	1	3	20
4647	1	1	4
4648	1	6	13
4649	1	2	7
4650	0	4	0
4651	0	2	7
4652	1	3	12
4653	1	3	20
4654	0	2	1
4655	1	2	17
4656	1	4	14
4657	1	2	4
4658	0	2	14
4659	0	1	4
4660	1	4	15
4661	0	1	4
4662	1	2	4
4663	0	4	7
4664	1	3	2
4665	1	3	1
4666	1	2	14
4667	1	3	14
4668	1	3	7
4669	1	3	5
4670	1	2	12
4671	1	6	13
4672	1	3	16
4673	0	3	7
4674	0	1	4
4675	1	4	14
4676	1	5	6
4677	1	3	2
4678	1	6	13
4679	1	3	0
4680	0	3	15
4681	1	2	7
4682	1	2	0
4683	0	2	0
4684	1	3	1
4685	1	1	1
4686	1	3	14
4687	1	2	9
4688	1	1	12
4689	0	0	10
4690	0	4	17
4691	0	2	7
4692	1	1	1
4693	1	6	7
4694	1	1	18
4695	1	1	12
4696	1	1	10
4697	0	2	6
4698	0	1	0
4699	0	1	4
4700	1	4	17
4701	1	2	11
4702	1	2	7
4703	1	1	20
4704	0	1	0
4705	1	2	14
4706	1	0	0
4707	1	2	0
4708	1	4	0
4709	0	3	16
4710	1	2	17
4711	1	3	17
4712	1	2	17
4713	1	5	1
4714	1	2	2
4715	0	2	16
4716	1	4	17
4717	1	3	7
4718	0	3	9
4719	1	2	2
4720	1	3	11
4721	1	3	12
4722	1	3	7
4723	0	6	6
4724	1	3	5
4725	0	3	16
4726	0	6	0
4727	1	2	19
4728	1	5	16
4729	1	5	11
4730	1	2	17
4731	1	2	14
4732	1	1	18
4733	1	5	1
4734	1	4	3
4735	1	1	20
4736	1	3	16
4737	1	6	1
4738	1	2	3
4739	0	2	3
4740	1	3	7
4741	1	2	3
4742	1	6	13
4743	1	5	15
4744	0	1	4
4745	1	5	1
4746	1	1	4
4747	1	4	16
4748	1	4	0
4749	0	2	0
4750	1	5	15
4751	0	1	4
4752	1	6	1
4753	0	1	0
4754	0	6	7
4755	1	6	16
4756	1	3	17
4757	0	6	13
4758	0	5	0
4759	1	3	17
4760	1	1	15
4761	0	2	14
4762	1	6	11
4763	1	0	10
4764	0	3	16
4765	1	3	16
4766	0	3	9
4767	1	2	4
4768	1	2	1
4769	0	3	7
4770	0	2	4
4771	1	6	17
4772	1	4	1
4773	1	4	14
4774	1	2	17
4775	0	2	3
4776	1	2	2
4777	1	2	0
4778	1	4	3
4779	1	2	12
4780	0	5	6
4781	1	4	1
4782	1	2	0
4783	0	3	6
4784	0	2	14
4785	1	4	6
4786	1	0	11
4787	1	3	7
4788	1	3	2
4789	0	2	2
4790	1	1	4
4791	0	5	7
4792	0	2	6
4793	0	3	0
4794	1	4	16
4795	1	3	7
4796	0	3	17
4797	1	2	1
4798	0	1	4
4799	1	1	4
4800	1	2	4
4801	1	6	1
4802	0	2	16
4803	0	3	1
4804	1	3	1
4805	1	2	17
4806	1	0	2
4807	1	3	0
4808	0	5	4
4809	1	1	12
4810	1	3	1
4811	1	1	14
4812	0	3	9
4813	1	1	14
4814	0	5	18
4815	0	4	6
4816	1	2	1
4817	0	2	17
4818	1	3	18
4819	1	5	11
4820	1	1	19
4821	0	3	0
4822	1	1	4
4823	1	2	7
4824	1	2	17
4825	1	4	12
4826	1	3	0
4827	0	1	20
4828	1	2	0
4829	1	0	10
4830	0	2	1
4831	1	2	14
4832	1	3	16
4833	0	4	9
4834	1	2	20
4835	0	4	16
4836	1	2	5
4837	1	4	1
4838	0	5	6
4839	0	4	6
4840	1	2	12
4841	0	3	1
4842	1	6	1
4843	1	4	7
4844	0	2	1
4845	0	2	2
4846	1	2	12
4847	0	3	6
4848	0	1	4
4849	0	4	3
4850	1	1	17
4851	1	3	0
4852	1	2	7
4853	0	5	13
4854	1	2	12
4855	1	2	7
4856	1	2	14
4857	1	2	1
4858	0	1	14
4859	1	2	2
4860	1	2	4
4861	1	2	0
4862	0	2	9
4863	1	1	20
4864	0	3	14
4865	1	6	12
4866	1	2	16
4867	1	3	17
4868	0	4	6
4869	0	3	3
4870	1	1	12
4871	1	4	1
4872	1	6	11
4873	0	2	4
4874	1	3	0
4875	0	3	17
4876	1	2	4
4877	1	5	4
4878	1	2	3
4879	0	4	9
4880	1	4	16
4881	1	4	11
4882	0	0	10
4883	1	3	14
4884	1	6	1
4885	0	3	17
4886	1	1	2
4887	0	6	0
4888	1	1	4
4889	0	2	1
4890	1	3	17
4891	1	2	12
4892	1	2	17
4893	1	3	7
4894	0	2	3
4895	1	3	6
4896	1	3	16
4897	1	2	1
4898	1	2	12
4899	1	2	20
4900	1	2	7
4901	1	3	14
4902	1	3	12
4903	1	5	15
4904	0	4	1
4905	1	5	17
4906	0	5	7
4907	1	3	15
4908	0	3	12
4909	1	1	12
4910	0	2	0
4911	0	5	20
4912	0	2	1
4913	0	2	1
4914	1	2	12
4915	1	1	20
4916	1	4	0
4917	0	1	12
4918	1	1	0
4919	1	3	1
4920	0	2	15
4921	1	1	17
4922	1	4	18
4923	0	3	0
4924	0	3	6
4925	1	0	10
4926	1	4	0
4927	0	2	3
4928	1	4	1
4929	1	5	17
4930	1	5	17
4931	1	2	7
4932	1	2	15
4933	0	2	0
4934	1	3	17
4935	0	1	4
4936	1	3	0
4937	0	1	4
4938	1	2	7
4939	0	5	11
4940	1	6	20
4941	1	4	12
4942	0	5	0
4943	1	5	17
4944	1	5	0
4945	0	3	1
4946	1	3	17
4947	1	4	2
4948	1	1	4
4949	1	2	16
4950	0	3	17
4951	0	2	14
4952	1	3	12
4953	1	4	0
4954	1	6	13
4955	1	3	15
4956	1	2	2
4957	1	1	7
4958	1	2	17
4959	1	6	1
4960	1	2	7
4961	1	2	6
4962	1	4	17
4963	1	3	0
4964	1	0	10
4965	1	5	14
4966	1	1	4
4967	0	5	20
4968	1	1	19
4969	0	2	12
4970	1	3	7
4971	1	3	0
4972	0	6	2
4973	1	3	20
4974	1	3	0
4975	1	2	11
4976	1	2	4
4977	1	3	14
4978	1	3	2
4979	1	2	1
4980	1	5	1
4981	1	2	12
4982	0	4	16
4983	1	3	0
4984	1	3	0
4985	1	1	12
4986	0	6	8
4987	1	2	17
4988	1	2	0
4989	0	2	4
4990	0	6	14
4991	0	2	2
4992	1	4	17
4993	1	4	17
4994	1	5	20
4995	1	3	7
4996	1	0	10
4997	0	1	4
4998	0	6	13
4999	1	2	4
5000	0	2	2
5001	1	2	17
5002	1	3	12
5003	0	6	1
5004	1	4	16
5005	1	3	3
5006	0	1	4
5007	1	2	20
5008	0	4	16
5009	1	4	15
5010	1	1	4
5011	1	5	15
5012	1	1	4
5013	1	4	0
5014	1	3	6
5015	0	3	1
5016	1	3	12
5017	0	6	12
5018	1	2	7
5019	0	6	13
5020	1	5	6
5021	1	3	7
5022	1	3	20
5023	0	4	1
5024	1	2	20
5025	1	2	17
5026	0	2	14
5027	1	2	12
5028	1	2	4
5029	1	1	1
5030	0	2	4
5031	1	1	17
5032	0	6	13
5033	0	2	15
5034	0	2	17
5035	1	3	7
5036	1	3	12
5037	1	2	20
5038	0	3	4
5039	1	4	12
5040	0	4	6
5041	0	1	2
5042	0	1	6
5043	0	3	6
5044	1	3	0
5045	1	2	16
5046	1	4	6
5047	0	3	7
5048	1	2	12
5049	0	1	4
5050	0	5	7
5051	1	3	16
5052	1	2	4
5053	1	3	2
5054	0	3	16
5055	1	4	1
5056	1	5	7
5057	1	6	17
5058	1	4	16
5059	1	4	17
5060	0	1	19
5061	1	5	16
5062	0	0	10
5063	1	1	4
5064	1	2	14
5065	0	2	1
5066	1	6	13
5067	1	3	7
5068	0	6	0
5069	1	2	2
5070	0	2	7
5071	1	4	17
5072	1	6	2
5073	1	0	0
5074	1	5	6
5075	1	2	3
5076	1	2	2
5077	1	4	7
5078	1	2	4
5079	0	5	12
5080	0	1	4
5081	1	3	1
5082	1	2	4
5083	1	1	4
5084	1	6	17
5085	1	2	1
5086	0	2	6
5087	1	2	17
5088	0	3	16
5089	0	3	19
5090	1	2	17
5091	1	6	14
5092	1	5	7
5093	1	1	10
5094	0	3	1
5095	1	2	11
5096	1	6	16
5097	1	5	7
5098	1	1	0
5099	1	5	6
5100	1	2	0
5101	1	2	12
5102	0	3	16
5103	1	3	20
5104	1	5	7
5105	0	3	1
5106	0	4	0
5107	0	2	9
5108	0	4	6
5109	1	3	15
5110	1	3	2
5111	1	3	13
5112	1	2	0
5113	0	0	10
5114	1	6	12
5115	1	3	6
5116	0	2	0
5117	1	0	10
5118	0	2	0
5119	1	5	7
5120	1	2	7
5121	1	2	0
5122	1	5	12
5123	1	3	2
5124	1	4	0
5125	1	2	11
5126	1	4	5
5127	1	5	7
5128	1	4	17
5129	0	5	1
5130	0	2	1
5131	1	3	7
5132	1	1	11
5133	1	2	17
5134	1	3	7
5135	1	2	12
5136	1	1	18
5137	1	2	17
5138	1	5	16
5139	1	2	6
5140	1	1	17
5141	1	2	1
5142	1	1	4
5143	0	5	0
5144	1	3	7
5145	1	6	1
5146	1	1	0
5147	1	2	20
5148	1	3	1
5149	1	2	3
5150	1	1	19
5151	0	2	4
5152	1	2	7
5153	1	2	16
5154	1	2	16
5155	1	1	14
5156	1	3	1
5157	0	1	4
5158	1	3	7
5159	0	1	4
5160	1	2	4
5161	1	2	17
5162	1	4	6
5163	0	3	17
5164	1	3	6
5165	1	5	6
5166	1	1	15
5167	1	3	7
5168	0	5	4
5169	1	1	4
5170	1	6	17
5171	0	3	11
5172	1	0	10
5173	1	4	1
5174	0	3	9
5175	1	0	10
5176	1	4	14
5177	1	5	0
5178	1	2	12
5179	1	3	11
5180	1	2	7
5181	0	3	7
5182	0	1	20
5183	1	1	20
5184	0	3	4
5185	1	3	12
5186	1	1	16
5187	0	3	9
5188	0	4	7
5189	0	3	0
5190	0	2	4
5191	1	2	7
5192	1	3	12
5193	1	2	7
5194	1	3	7
5195	1	6	7
5196	0	6	3
5197	0	1	4
5198	0	2	1
5199	0	3	15
5200	1	5	7
5201	1	1	4
5202	0	4	6
5203	1	5	13
5204	1	2	1
5205	1	3	7
5206	1	2	0
5207	1	2	4
5208	1	5	1
5209	0	3	17
5210	1	2	1
5211	1	1	2
5212	1	1	0
5213	0	3	9
5214	0	6	6
5215	1	1	2
5216	1	2	17
5217	1	1	0
5218	1	1	4
5219	1	2	7
5220	0	6	1
5221	1	2	12
5222	1	6	10
5223	1	3	1
5224	1	1	4
5225	1	3	0
5226	1	1	10
5227	1	0	0
5228	1	2	0
5229	1	2	12
5230	1	3	7
5231	1	2	4
5232	1	2	5
5233	0	2	0
5234	1	2	4
5235	1	2	14
5236	1	2	7
5237	0	5	16
5238	1	3	7
5239	0	2	0
5240	0	2	4
5241	1	2	1
5242	1	0	10
5243	1	1	4
5244	0	4	1
5245	0	1	0
5246	0	0	10
5247	0	4	14
5248	0	4	14
5249	1	5	6
5250	0	2	17
5251	1	2	20
5252	0	6	13
5253	1	1	4
5254	1	0	10
5255	1	2	16
5256	0	2	2
5257	1	3	4
5258	1	2	6
5259	1	3	7
5260	1	3	12
5261	0	2	14
5262	1	3	7
5263	1	1	4
5264	1	4	1
5265	1	3	1
5266	1	3	7
5267	0	2	2
5268	1	1	0
5269	1	2	12
5270	0	2	0
5271	1	2	7
5272	1	6	20
5273	1	2	0
5274	1	2	17
5275	0	2	4
5276	1	2	20
5277	0	2	7
5278	0	2	14
5279	1	1	4
5280	1	2	2
5281	0	1	4
5282	1	1	2
5283	1	2	16
5284	1	1	4
5285	1	4	16
5286	1	2	8
5287	1	6	13
5288	1	4	2
5289	0	1	4
5290	1	4	1
5291	1	2	0
5292	1	2	12
5293	1	2	2
5294	1	3	7
5295	0	0	0
5296	1	2	12
5297	1	3	17
5298	1	2	2
5299	1	2	20
5300	1	2	17
5301	0	0	10
5302	0	6	6
5303	0	3	9
5304	0	1	4
5305	0	2	17
5306	1	2	5
5307	1	6	7
5308	1	2	0
5309	0	6	1
5310	1	5	0
5311	1	2	1
5312	1	6	0
5313	0	2	0
5314	1	2	12
5315	1	1	4
5316	0	2	0
5317	1	1	17
5318	1	1	17
5319	0	1	5
5320	1	2	4
5321	1	3	17
5322	1	2	20
5323	1	2	7
5324	0	5	7
5325	1	2	2
5326	1	2	7
5327	0	2	4
5328	0	2	5
5329	0	2	0
5330	1	3	14
5331	1	1	4
5332	0	2	7
5333	0	6	13
5334	1	2	14
5335	1	6	7
5336	0	3	3
5337	1	2	17
5338	1	1	17
5339	0	5	3
5340	0	2	3
5341	0	3	7
5342	0	2	9
5343	0	5	1
5344	0	2	17
5345	0	2	3
5346	1	2	6
5347	1	1	5
5348	0	5	2
5349	1	1	5
5350	0	4	1
5351	0	3	5
5352	1	2	6
5353	0	4	3
5354	1	6	0
5355	1	4	0
5356	0	1	20
5357	1	3	7
5358	1	1	16
5359	1	1	12
5360	0	5	16
5361	1	3	13
5362	1	6	13
5363	0	2	3
5364	1	1	12
5365	1	1	12
5366	1	1	4
5367	0	2	17
5368	1	2	15
5369	1	2	12
5370	1	2	11
5371	1	2	4
5372	1	1	12
5373	1	3	7
5374	1	2	0
5375	1	2	17
5376	0	1	3
5377	1	3	18
5378	1	2	7
5379	1	1	4
5380	1	2	14
5381	1	1	4
5382	1	3	1
5383	0	2	3
5384	1	2	12
5385	1	2	14
5386	0	2	1
5387	0	1	4
5388	1	4	7
5389	1	0	0
5390	1	2	7
5391	1	5	1
5392	1	3	7
5393	1	1	0
5394	1	5	1
5395	1	2	6
5396	1	1	0
5397	1	6	17
5398	1	2	1
5399	0	1	4
5400	0	1	1
5401	0	2	0
5402	1	0	10
5403	1	2	0
5404	0	5	7
5405	0	3	0
5406	0	3	17
5407	1	2	20
5408	1	4	1
5409	0	4	2
5410	0	0	19
5411	1	2	12
5412	1	3	1
5413	1	0	10
5414	0	2	7
5415	0	2	5
5416	1	1	17
5417	0	2	0
5418	0	1	12
5419	0	0	19
5420	1	3	17
5421	1	5	7
5422	0	5	5
5423	0	3	2
5424	1	1	4
5425	1	2	14
5426	1	3	19
5427	0	2	6
5428	0	2	1
5429	0	4	1
5430	1	6	1
5431	1	6	13
5432	0	3	17
5433	0	2	7
5434	1	4	18
5435	1	1	4
5436	1	2	11
5437	1	2	14
5438	1	6	13
5439	0	4	2
5440	1	5	7
5441	1	2	7
5442	1	2	12
5443	0	1	4
5444	1	2	0
5445	0	5	1
5446	1	4	2
5447	1	4	19
5448	1	1	12
5449	1	1	12
5450	0	2	1
5451	1	3	6
5452	1	1	4
5453	1	3	7
5454	0	1	17
5455	1	3	1
5456	1	1	12
5457	0	1	2
5458	0	0	10
5459	1	1	4
5460	1	5	0
5461	1	2	17
5462	1	3	0
5463	1	3	7
5464	0	2	0
5465	1	2	12
5466	1	3	0
5467	1	2	12
5468	1	3	12
5469	1	6	7
5470	1	1	7
5471	1	3	1
5472	1	2	1
5473	1	2	12
5474	1	2	4
5475	0	3	0
5476	1	3	1
5477	1	3	7
5478	1	3	1
5479	0	2	14
5480	1	4	12
5481	1	1	7
5482	0	2	6
5483	1	4	17
5484	1	2	4
5485	1	2	0
5486	1	2	17
5487	1	2	15
5488	1	1	7
5489	1	4	17
5490	1	1	7
5491	1	1	4
5492	1	3	12
5493	0	3	17
5494	0	1	4
5495	1	2	7
5496	1	2	4
5497	0	5	1
5498	0	2	19
5499	0	3	20
5500	1	2	2
5501	1	2	2
5502	0	2	9
5503	1	4	7
5504	0	2	4
5505	0	1	14
5506	1	4	7
5507	1	2	20
5508	1	2	0
5509	1	1	4
5510	1	4	1
5511	0	2	17
5512	1	3	1
5513	0	0	10
5514	1	1	4
5515	0	5	16
5516	1	6	0
5517	1	5	17
5518	1	3	15
5519	1	4	1
5520	0	2	6
5521	1	2	14
5522	1	3	0
5523	0	0	10
5524	0	0	10
5525	0	3	2
5526	1	2	1
5527	1	5	1
5528	1	1	6
5529	0	1	4
5530	1	5	17
5531	1	2	17
5532	0	5	2
5533	1	4	16
5534	1	2	15
5535	1	2	16
5536	0	6	1
5537	1	4	12
5538	0	2	20
5539	1	3	1
5540	1	6	7
5541	1	4	7
5542	1	2	17
5543	1	2	15
5544	0	3	16
5545	1	1	14
5546	0	1	4
5547	0	1	4
5548	0	5	9
5549	1	3	15
5550	0	3	20
5551	1	5	7
5552	1	3	3
5553	1	2	1
5554	1	0	10
5555	1	4	6
5556	1	3	14
5557	1	0	10
5558	1	5	1
5559	0	3	17
5560	0	2	3
5561	0	3	1
5562	0	2	7
5563	1	4	20
5564	1	1	17
5565	1	3	7
5566	1	5	3
5567	1	1	4
5568	0	1	1
5569	1	2	1
5570	0	2	9
5571	0	2	4
5572	0	3	1
5573	1	2	0
5574	1	3	7
5575	1	2	4
5576	1	5	1
5577	0	1	1
5578	0	3	7
5579	1	4	7
5580	1	2	0
5581	1	4	1
5582	1	6	15
5583	0	5	0
5584	1	2	4
5585	1	3	20
5586	1	2	17
5587	0	2	20
5588	0	2	0
5589	0	4	12
5590	1	1	0
5591	1	2	1
5592	1	5	16
5593	0	4	0
5594	1	2	20
5595	1	3	12
5596	0	1	4
5597	1	1	4
5598	1	3	7
5599	0	4	0
5600	1	3	1
5601	1	3	0
5602	1	5	7
5603	1	3	15
5604	0	1	2
5605	0	2	14
5606	1	1	4
5607	1	1	3
5608	0	5	1
5609	0	2	1
5610	0	3	7
5611	0	2	1
5612	0	3	0
5613	1	2	0
5614	1	3	7
5615	1	4	1
5616	1	2	14
5617	0	1	4
5618	0	1	4
5619	1	3	14
5620	1	2	7
5621	1	3	15
5622	1	2	11
5623	1	2	7
5624	1	2	1
5625	1	6	16
5626	1	2	0
5627	1	1	4
5628	1	2	14
5629	1	3	17
5630	1	3	12
5631	0	1	4
5632	1	5	1
5633	1	2	14
5634	0	3	9
5635	1	2	7
5636	1	0	10
5637	1	1	1
5638	0	1	4
5639	1	3	17
5640	0	2	17
5641	1	0	10
5642	0	3	1
5643	0	1	4
5644	1	2	2
5645	1	1	4
5646	1	1	1
5647	1	2	17
5648	0	1	4
5649	0	3	12
5650	0	2	6
5651	1	1	0
5652	1	5	1
5653	1	2	4
5654	0	2	6
5655	1	2	15
5656	1	5	14
5657	1	6	0
5658	1	2	0
5659	1	2	2
5660	0	2	15
5661	1	0	10
5662	0	3	20
5663	1	1	4
5664	1	1	4
5665	1	1	16
5666	1	3	7
5667	0	2	3
5668	1	6	1
5669	1	1	4
5670	1	2	1
5671	0	2	4
5672	0	3	1
5673	1	3	7
5674	1	3	14
5675	1	2	20
5676	1	2	1
5677	1	3	17
5678	1	3	2
5679	1	5	20
5680	0	2	7
5681	1	1	0
5682	0	1	9
5683	1	1	16
5684	1	2	17
5685	1	6	16
5686	0	0	0
5687	0	1	4
5688	1	2	0
5689	1	1	4
5690	1	3	14
5691	0	2	7
5692	0	2	4
5693	0	2	12
5694	0	3	3
5695	0	2	14
5696	1	2	0
5697	1	3	14
5698	1	3	15
5699	0	1	14
5700	1	2	7
5701	1	1	0
5702	1	6	1
5703	0	1	4
5704	0	1	4
5705	1	1	17
5706	1	2	12
5707	1	3	1
5708	1	1	4
5709	1	2	15
5710	1	2	7
5711	1	3	1
5712	0	5	7
5713	1	3	2
5714	1	1	4
5715	1	0	10
5716	1	2	0
5717	0	3	14
5718	1	6	7
5719	1	2	0
5720	1	4	11
5721	1	2	20
5722	1	1	12
5723	1	2	15
5724	1	1	2
5725	1	2	1
5726	1	2	4
5727	0	3	20
5728	1	1	10
5729	1	1	0
5730	0	2	11
5731	0	2	11
5732	1	2	4
5733	0	2	14
5734	1	2	6
5735	1	2	1
5736	1	4	15
5737	1	2	12
5738	1	2	7
5739	1	2	1
5740	1	5	13
5741	0	2	12
5742	0	3	0
5743	0	2	4
5744	0	1	4
5745	1	1	15
5746	1	2	0
5747	1	2	0
5748	1	2	2
5749	1	1	1
5750	0	0	0
5751	0	6	0
5752	1	1	17
5753	0	1	1
5754	0	3	2
5755	0	0	10
5756	1	0	10
5757	0	5	1
5758	0	2	1
5759	1	1	12
5760	1	2	20
5761	0	3	6
5762	0	2	1
5763	0	5	12
5764	1	2	11
5765	1	6	14
5766	1	2	2
5767	0	0	7
5768	1	4	14
5769	1	2	0
5770	1	2	7
5771	1	3	7
5772	1	2	6
5773	1	1	4
5774	1	2	11
5775	1	1	12
5776	1	0	0
5777	1	3	12
5778	1	2	5
5779	1	1	17
5780	1	2	2
5781	0	3	0
5782	0	4	1
5783	1	1	10
5784	0	2	7
5785	1	2	6
5786	1	2	20
5787	1	2	0
5788	1	2	17
5789	0	3	0
5790	1	1	4
5791	1	2	17
5792	1	2	2
5793	1	3	17
5794	1	2	1
5795	0	2	7
5796	1	2	7
5797	1	3	0
5798	1	2	5
5799	1	3	18
5800	1	2	16
5801	0	2	0
5802	1	0	10
5803	0	3	7
5804	0	2	0
5805	0	5	1
5806	1	3	7
5807	0	2	7
5808	1	2	7
5809	1	5	16
5810	1	1	4
5811	0	2	7
5812	1	2	7
5813	1	2	0
5814	1	2	20
5815	1	2	0
5816	1	2	17
5817	1	2	4
5818	1	5	6
5819	1	4	0
5820	1	2	15
5821	0	3	4
5822	1	2	12
5823	1	1	12
5824	0	2	4
5825	1	1	4
5826	1	2	2
5827	1	2	17
5828	0	2	4
5829	0	1	4
5830	1	2	1
5831	0	2	0
5832	0	3	0
5833	1	6	16
5834	0	3	0
5835	1	2	0
5836	1	2	7
5837	0	4	7
5838	1	2	1
5839	0	0	0
5840	0	3	7
5841	1	2	4
5842	1	3	1
5843	0	0	10
5844	0	2	3
5845	1	4	16
5846	0	1	4
5847	1	5	20
5848	1	3	17
5849	0	2	7
5850	0	1	20
5851	0	2	1
5852	1	5	19
5853	1	4	7
5854	1	5	7
5855	0	2	7
5856	0	4	2
5857	1	2	4
5858	1	2	7
5859	0	2	4
5860	0	5	1
5861	0	2	9
5862	0	2	14
5863	0	5	1
5864	1	2	17
5865	0	2	6
5866	0	4	3
5867	1	3	14
5868	0	2	7
5869	1	2	14
5870	0	2	4
5871	1	2	17
5872	1	1	12
5873	1	2	4
5874	1	2	4
5875	1	5	7
5876	1	1	12
5877	0	2	0
5878	1	3	7
5879	1	2	1
5880	1	3	17
5881	1	3	7
5882	0	1	0
5883	1	1	4
5884	1	2	1
5885	1	2	20
5886	0	3	20
5887	1	2	20
5888	1	5	20
5889	1	3	20
5890	1	1	4
5891	1	4	2
5892	1	2	7
5893	1	3	0
5894	1	2	1
5895	1	2	0
5896	1	2	20
5897	0	1	0
5898	1	3	17
5899	1	2	7
5900	0	3	7
5901	1	5	16
5902	1	2	11
5903	0	4	12
5904	0	3	20
5905	0	1	4
5906	1	2	2
5907	1	2	4
5908	1	1	20
5909	0	4	20
5910	0	2	17
5911	1	2	1
5912	0	1	0
5913	1	3	2
5914	1	1	4
5915	1	5	20
5916	0	5	1
5917	1	2	12
5918	1	1	0
5919	0	2	1
5920	1	2	6
5921	1	6	3
5922	1	2	7
5923	1	3	0
5924	0	2	0
5925	0	5	7
5926	1	3	14
5927	1	4	1
5928	0	3	0
5929	0	3	17
5930	0	1	7
5931	1	1	14
5932	1	2	2
5933	1	2	14
5934	1	1	0
5935	1	1	4
5936	1	2	12
5937	1	2	1
5938	0	4	15
5939	1	5	12
5940	0	2	0
5941	1	4	1
5942	0	4	1
5943	0	1	10
5944	0	3	2
5945	0	6	1
5946	0	4	16
5947	1	6	13
5948	1	1	17
5949	1	2	4
5950	1	1	4
5951	0	4	1
5952	1	0	10
5953	1	4	11
5954	0	2	7
5955	0	1	4
5956	1	1	20
5957	1	4	14
5958	0	1	4
5959	0	4	0
5960	0	4	0
5961	1	3	7
5962	1	2	15
5963	1	1	5
5964	1	2	17
5965	0	3	9
5966	1	5	16
5967	1	6	7
5968	1	4	13
5969	1	3	11
5970	1	3	7
5971	0	2	20
5972	1	0	10
5973	0	2	1
5974	1	2	14
5975	0	2	1
5976	1	3	1
5977	1	3	1
5978	1	2	1
5979	1	6	1
5980	1	3	7
5981	1	3	1
5982	1	2	3
5983	1	2	1
5984	0	1	4
5985	0	6	1
5986	1	2	16
5987	1	2	15
5988	0	0	10
5989	0	2	20
5990	0	3	20
5991	0	1	4
5992	0	5	20
5993	1	3	1
5994	0	3	1
5995	0	2	0
5996	0	2	7
5997	1	1	4
5998	0	2	1
5999	1	4	17
6000	0	2	7
6001	1	5	0
6002	0	4	17
6003	0	2	15
6004	0	2	5
6005	0	0	0
6006	1	3	17
6007	1	1	4
6008	0	2	12
6009	1	3	0
6010	1	3	15
6011	1	3	15
6012	0	2	20
6013	1	4	1
6014	0	2	9
6015	1	4	1
6016	0	3	7
6017	1	3	1
6018	1	2	0
6019	1	5	16
6020	1	2	12
6021	1	2	17
6022	1	2	0
6023	1	2	12
6024	0	2	1
6025	1	3	6
6026	1	1	4
6027	1	1	4
6028	0	2	1
6029	1	2	17
6030	0	1	0
6031	1	4	7
6032	1	5	13
6033	1	2	14
6034	0	2	1
6035	0	2	15
6036	0	4	1
6037	0	6	1
6038	0	4	0
6039	1	2	6
