1	1
2	2
3	3
4	4
5	5
6	6
7	7
8	8
9	9
10	10
11	11
12	12
13	13
14	14
15	15
16	16
17	17
18	18
19	19
20	20
21	21
22	22
23	23
24	24
25	25
26	26
27	27
28	28
29	29
30	30
31	31
32	32
33	33
34	34
35	35
36	36
37	37
38	38
39	39
40	40
41	41
42	42
43	43
44	44
45	45
46	46
47	47
48	48
49	49
50	50
51	51
52	52
53	53
54	54
55	55
56	56
57	57
58	58
59	59
60	60
61	61
62	62
63	63
64	64
65	65
66	66
67	67
68	68
69	69
70	70
71	71
72	72
73	73
74	74
75	75
76	76
77	77
78	78
79	79
80	80
81	81
82	82
83	83
84	84
85	85
86	86
87	87
88	88
89	89
90	90
92	91
93	92
94	93
95	94
96	95
97	96
98	97
99	98
100	99
101	100
102	101
103	102
104	103
105	104
106	105
107	106
108	107
109	108
110	109
111	110
112	111
113	112
114	113
115	114
116	115
117	116
118	117
119	118
120	119
121	120
122	121
123	122
124	123
125	124
126	125
127	126
128	127
129	128
130	129
131	130
132	131
133	132
134	133
135	134
136	135
137	136
138	137
139	138
140	139
141	140
142	141
143	142
144	143
145	144
146	145
147	146
148	147
149	148
150	149
151	150
152	151
153	152
154	153
155	154
156	155
157	156
158	157
159	158
160	159
161	160
162	161
163	162
164	163
165	164
166	165
167	166
168	167
169	168
170	169
171	170
172	171
173	172
174	173
175	174
176	175
177	176
178	177
179	178
180	179
181	180
182	181
183	182
184	183
185	184
186	185
187	186
188	187
189	188
190	189
191	190
192	191
193	192
194	193
195	194
196	195
197	196
198	197
199	198
200	199
201	200
202	201
203	202
204	203
205	204
206	205
207	206
208	207
209	208
210	209
211	210
212	211
213	212
214	213
215	214
216	215
217	216
218	217
219	218
220	219
222	220
223	221
224	222
225	223
226	224
227	225
228	226
229	227
230	228
231	229
232	230
233	231
234	232
235	233
236	234
237	235
238	236
239	237
240	238
241	239
242	240
243	241
244	242
245	243
246	244
247	245
248	246
249	247
250	248
251	249
252	250
253	251
254	252
255	253
256	254
257	255
258	256
259	257
260	258
261	259
262	260
263	261
264	262
265	263
266	264
267	265
268	266
269	267
270	268
271	269
272	270
273	271
274	272
275	273
276	274
277	275
278	276
279	277
280	278
281	279
282	280
283	281
284	282
285	283
286	284
287	285
288	286
289	287
290	288
291	289
292	290
293	291
294	292
295	293
296	294
297	295
298	296
299	297
300	298
301	299
302	300
303	301
304	302
305	303
306	304
307	305
308	306
309	307
310	308
311	309
312	310
313	311
314	312
315	313
316	314
317	315
318	316
319	317
320	318
321	319
322	320
324	321
325	322
326	323
327	324
328	325
329	326
330	327
331	328
332	329
333	330
334	331
335	332
336	333
337	334
338	335
339	336
340	337
341	338
342	339
343	340
344	341
345	342
346	343
347	344
348	345
349	346
350	347
351	348
352	349
353	350
354	351
355	352
356	353
357	354
358	355
359	356
360	357
361	358
362	359
363	360
364	361
365	362
366	363
367	364
368	365
369	366
370	367
371	368
372	369
373	370
374	371
375	372
376	373
377	374
378	375
379	376
380	377
381	378
382	379
383	380
384	381
385	382
386	383
387	384
388	385
389	386
390	387
391	388
392	389
393	390
394	391
395	392
396	393
397	394
398	395
399	396
400	397
401	398
402	399
403	400
404	401
405	402
406	403
407	404
408	405
409	406
410	407
411	408
412	409
413	410
414	411
415	412
416	413
417	414
418	415
419	416
420	417
421	418
422	419
423	420
424	421
425	422
426	423
427	424
428	425
429	426
430	427
431	428
432	429
433	430
434	431
435	432
436	433
437	434
438	435
439	436
440	437
441	438
442	439
443	440
444	441
445	442
446	443
447	444
448	445
449	446
450	447
451	448
452	449
453	450
454	451
455	452
456	453
457	454
458	455
459	456
460	457
461	458
462	459
463	460
464	461
465	462
466	463
467	464
468	465
469	466
470	467
471	468
472	469
473	470
474	471
475	472
476	473
477	474
478	475
479	476
480	477
481	478
482	479
483	480
484	481
485	482
486	483
487	484
488	485
489	486
490	487
491	488
492	489
493	490
494	491
495	492
496	493
497	494
498	495
499	496
500	497
501	498
502	499
503	500
504	501
505	502
506	503
507	504
508	505
509	506
510	507
511	508
512	509
513	510
514	511
515	512
516	513
517	514
518	515
519	516
520	517
521	518
522	519
523	520
524	521
525	522
526	523
527	524
528	525
529	526
530	527
531	528
532	529
533	530
534	531
535	532
536	533
537	534
538	535
539	536
540	537
541	538
542	539
543	540
544	541
545	542
546	543
547	544
548	545
549	546
550	547
551	548
552	549
553	550
554	551
555	552
556	553
557	554
558	555
559	556
560	557
561	558
562	559
563	560
564	561
565	562
566	563
567	564
568	565
569	566
570	567
571	568
572	569
573	570
574	571
575	572
576	573
577	574
578	575
579	576
580	577
581	578
582	579
583	580
584	581
585	582
586	583
587	584
588	585
589	586
590	587
591	588
592	589
593	590
594	591
595	592
596	593
597	594
598	595
599	596
600	597
601	598
602	599
603	600
604	601
605	602
606	603
607	604
608	605
609	606
610	607
611	608
612	609
613	610
614	611
615	612
616	613
617	614
618	615
619	616
620	617
621	618
623	619
624	620
625	621
626	622
627	623
628	624
629	625
630	626
631	627
632	628
633	629
634	630
635	631
636	632
637	633
638	634
639	635
640	636
641	637
642	638
643	639
644	640
645	641
647	642
648	643
649	644
650	645
651	646
652	647
653	648
654	649
655	650
656	651
657	652
658	653
659	654
660	655
661	656
662	657
663	658
664	659
665	660
666	661
667	662
668	663
669	664
670	665
671	666
672	667
673	668
674	669
675	670
676	671
678	672
679	673
680	674
681	675
682	676
683	677
684	678
685	679
687	680
688	681
690	682
691	683
692	684
693	685
694	686
695	687
696	688
697	689
698	690
699	691
700	692
701	693
702	694
703	695
704	696
705	697
706	698
707	699
708	700
709	701
710	702
711	703
712	704
713	705
714	706
715	707
716	708
717	709
718	710
719	711
720	712
721	713
722	714
723	715
724	716
725	717
726	718
727	719
728	720
729	721
730	722
731	723
732	724
733	725
734	726
735	727
736	728
737	729
738	730
739	731
741	732
742	733
743	734
744	735
745	736
746	737
747	738
748	739
749	740
750	741
751	742
752	743
753	744
754	745
755	746
756	747
757	748
758	749
759	750
760	751
761	752
762	753
763	754
764	755
765	756
766	757
767	758
768	759
769	760
770	761
771	762
772	763
773	764
774	765
775	766
776	767
777	768
778	769
779	770
780	771
781	772
782	773
783	774
784	775
785	776
786	777
787	778
788	779
789	780
790	781
791	782
792	783
793	784
794	785
795	786
796	787
797	788
798	789
799	790
800	791
801	792
802	793
803	794
804	795
805	796
806	797
807	798
808	799
809	800
810	801
811	802
812	803
813	804
814	805
815	806
816	807
818	808
819	809
820	810
821	811
822	812
823	813
824	814
825	815
826	816
827	817
828	818
829	819
830	820
831	821
832	822
833	823
834	824
835	825
836	826
837	827
838	828
839	829
840	830
841	831
842	832
843	833
844	834
845	835
846	836
847	837
848	838
849	839
850	840
851	841
852	842
853	843
854	844
855	845
856	846
857	847
858	848
859	849
860	850
861	851
862	852
863	853
864	854
865	855
866	856
867	857
868	858
869	859
870	860
871	861
872	862
873	863
874	864
875	865
876	866
877	867
878	868
879	869
880	870
881	871
882	872
884	873
885	874
886	875
887	876
888	877
889	878
890	879
891	880
892	881
893	882
894	883
895	884
896	885
897	886
898	887
899	888
900	889
901	890
902	891
903	892
904	893
905	894
906	895
907	896
908	897
909	898
910	899
911	900
912	901
913	902
914	903
915	904
916	905
917	906
918	907
919	908
920	909
921	910
922	911
923	912
924	913
925	914
926	915
927	916
928	917
929	918
930	919
931	920
932	921
933	922
934	923
935	924
936	925
937	926
938	927
939	928
940	929
941	930
942	931
943	932
944	933
945	934
946	935
947	936
948	937
949	938
950	939
951	940
952	941
953	942
954	943
955	944
956	945
957	946
958	947
959	948
960	949
961	950
962	951
963	952
964	953
965	954
966	955
967	956
968	957
969	958
970	959
971	960
972	961
973	962
974	963
975	964
976	965
977	966
978	967
979	968
980	969
981	970
982	971
983	972
984	973
985	974
986	975
987	976
988	977
989	978
990	979
991	980
992	981
993	982
994	983
996	984
997	985
998	986
999	987
1000	988
1001	989
1002	990
1003	991
1004	992
1005	993
1006	994
1007	995
1008	996
1009	997
1010	998
1011	999
1012	1000
1013	1001
1014	1002
1015	1003
1016	1004
1017	1005
1018	1006
1019	1007
1020	1008
1021	1009
1022	1010
1023	1011
1024	1012
1025	1013
1026	1014
1027	1015
1028	1016
1029	1017
1030	1018
1031	1019
1032	1020
1033	1021
1034	1022
1035	1023
1036	1024
1037	1025
1038	1026
1039	1027
1040	1028
1041	1029
1042	1030
1043	1031
1044	1032
1045	1033
1046	1034
1047	1035
1049	1036
1050	1037
1051	1038
1052	1039
1053	1040
1054	1041
1055	1042
1056	1043
1057	1044
1058	1045
1059	1046
1060	1047
1061	1048
1062	1049
1063	1050
1064	1051
1065	1052
1066	1053
1067	1054
1068	1055
1069	1056
1070	1057
1071	1058
1073	1059
1075	1060
1076	1061
1077	1062
1078	1063
1079	1064
1080	1065
1081	1066
1082	1067
1083	1068
1084	1069
1085	1070
1086	1071
1087	1072
1088	1073
1089	1074
1090	1075
1091	1076
1092	1077
1093	1078
1094	1079
1095	1080
1096	1081
1097	1082
1098	1083
1099	1084
1100	1085
1101	1086
1102	1087
1103	1088
1104	1089
1105	1090
1106	1091
1107	1092
1108	1093
1109	1094
1110	1095
1111	1096
1112	1097
1113	1098
1114	1099
1115	1100
1116	1101
1117	1102
1118	1103
1119	1104
1120	1105
1121	1106
1122	1107
1123	1108
1124	1109
1125	1110
1126	1111
1127	1112
1128	1113
1129	1114
1130	1115
1131	1116
1132	1117
1133	1118
1134	1119
1135	1120
1136	1121
1137	1122
1138	1123
1139	1124
1140	1125
1141	1126
1142	1127
1143	1128
1144	1129
1145	1130
1146	1131
1147	1132
1148	1133
1149	1134
1150	1135
1151	1136
1152	1137
1153	1138
1154	1139
1155	1140
1156	1141
1157	1142
1158	1143
1159	1144
1160	1145
1161	1146
1162	1147
1163	1148
1164	1149
1165	1150
1166	1151
1167	1152
1168	1153
1169	1154
1170	1155
1171	1156
1172	1157
1173	1158
1174	1159
1175	1160
1176	1161
1177	1162
1178	1163
1179	1164
1180	1165
1181	1166
1183	1167
1184	1168
1185	1169
1186	1170
1187	1171
1188	1172
1189	1173
1190	1174
1191	1175
1192	1176
1193	1177
1194	1178
1196	1179
1197	1180
1198	1181
1199	1182
1200	1183
1201	1184
1202	1185
1203	1186
1204	1187
1205	1188
1206	1189
1207	1190
1208	1191
1209	1192
1210	1193
1211	1194
1212	1195
1213	1196
1214	1197
1215	1198
1216	1199
1217	1200
1218	1201
1219	1202
1220	1203
1221	1204
1222	1205
1223	1206
1224	1207
1225	1208
1226	1209
1227	1210
1228	1211
1230	1212
1231	1213
1232	1214
1233	1215
1234	1216
1235	1217
1236	1218
1237	1219
1238	1220
1240	1221
1241	1222
1242	1223
1243	1224
1244	1225
1245	1226
1246	1227
1247	1228
1248	1229
1249	1230
1250	1231
1251	1232
1252	1233
1253	1234
1254	1235
1255	1236
1256	1237
1257	1238
1258	1239
1259	1240
1260	1241
1261	1242
1262	1243
1263	1244
1264	1245
1265	1246
1266	1247
1267	1248
1268	1249
1269	1250
1270	1251
1271	1252
1272	1253
1273	1254
1274	1255
1275	1256
1276	1257
1277	1258
1278	1259
1279	1260
1280	1261
1281	1262
1282	1263
1283	1264
1284	1265
1285	1266
1286	1267
1287	1268
1288	1269
1289	1270
1290	1271
1291	1272
1292	1273
1293	1274
1294	1275
1295	1276
1296	1277
1297	1278
1298	1279
1299	1280
1300	1281
1301	1282
1302	1283
1303	1284
1304	1285
1305	1286
1306	1287
1307	1288
1308	1289
1309	1290
1310	1291
1311	1292
1312	1293
1313	1294
1314	1295
1315	1296
1316	1297
1317	1298
1318	1299
1319	1300
1320	1301
1321	1302
1322	1303
1323	1304
1324	1305
1325	1306
1326	1307
1327	1308
1328	1309
1329	1310
1330	1311
1331	1312
1332	1313
1333	1314
1334	1315
1335	1316
1336	1317
1337	1318
1339	1319
1340	1320
1341	1321
1342	1322
1343	1323
1344	1324
1345	1325
1346	1326
1347	1327
1348	1328
1349	1329
1350	1330
1351	1331
1352	1332
1353	1333
1354	1334
1355	1335
1356	1336
1357	1337
1358	1338
1359	1339
1360	1340
1361	1341
1362	1342
1363	1343
1364	1344
1365	1345
1366	1346
1367	1347
1368	1348
1369	1349
1370	1350
1371	1351
1372	1352
1373	1353
1374	1354
1375	1355
1376	1356
1377	1357
1378	1358
1379	1359
1380	1360
1381	1361
1382	1362
1383	1363
1384	1364
1385	1365
1386	1366
1387	1367
1388	1368
1389	1369
1390	1370
1391	1371
1392	1372
1393	1373
1394	1374
1395	1375
1396	1376
1397	1377
1398	1378
1399	1379
1400	1380
1401	1381
1404	1382
1405	1383
1406	1384
1407	1385
1408	1386
1409	1387
1410	1388
1411	1389
1412	1390
1413	1391
1414	1392
1415	1393
1416	1394
1417	1395
1419	1396
1420	1397
1421	1398
1422	1399
1423	1400
1424	1401
1425	1402
1426	1403
1427	1404
1428	1405
1429	1406
1430	1407
1431	1408
1432	1409
1433	1410
1434	1411
1436	1412
1437	1413
1438	1414
1439	1415
1440	1416
1441	1417
1442	1418
1443	1419
1444	1420
1445	1421
1446	1422
1447	1423
1448	1424
1449	1425
1450	1426
1453	1427
1454	1428
1455	1429
1456	1430
1457	1431
1458	1432
1459	1433
1460	1434
1461	1435
1462	1436
1463	1437
1464	1438
1465	1439
1466	1440
1467	1441
1468	1442
1470	1443
1471	1444
1472	1445
1473	1446
1474	1447
1475	1448
1476	1449
1477	1450
1479	1451
1480	1452
1482	1453
1483	1454
1484	1455
1485	1456
1486	1457
1487	1458
1488	1459
1489	1460
1490	1461
1493	1462
1494	1463
1495	1464
1496	1465
1497	1466
1498	1467
1499	1468
1500	1469
1501	1470
1502	1471
1503	1472
1504	1473
1507	1474
1508	1475
1509	1476
1510	1477
1511	1478
1513	1479
1514	1480
1515	1481
1516	1482
1517	1483
1518	1484
1519	1485
1520	1486
1522	1487
1523	1488
1524	1489
1525	1490
1526	1491
1527	1492
1528	1493
1529	1494
1531	1495
1532	1496
1533	1497
1534	1498
1535	1499
1537	1500
1538	1501
1539	1502
1541	1503
1542	1504
1543	1505
1544	1506
1545	1507
1546	1508
1547	1509
1548	1510
1549	1511
1550	1512
1551	1513
1552	1514
1553	1515
1554	1516
1555	1517
1556	1518
1557	1519
1558	1520
1559	1521
1561	1522
1562	1523
1563	1524
1564	1525
1565	1526
1566	1527
1567	1528
1568	1529
1569	1530
1570	1531
1571	1532
1572	1533
1573	1534
1574	1535
1575	1536
1577	1537
1578	1538
1579	1539
1580	1540
1581	1541
1582	1542
1583	1543
1584	1544
1585	1545
1586	1546
1587	1547
1588	1548
1589	1549
1590	1550
1591	1551
1592	1552
1593	1553
1594	1554
1595	1555
1596	1556
1597	1557
1598	1558
1599	1559
1600	1560
1601	1561
1602	1562
1603	1563
1604	1564
1605	1565
1606	1566
1608	1567
1609	1568
1610	1569
1611	1570
1612	1571
1613	1572
1614	1573
1615	1574
1616	1575
1617	1576
1619	1577
1620	1578
1621	1579
1622	1580
1623	1581
1624	1582
1625	1583
1626	1584
1627	1585
1628	1586
1629	1587
1630	1588
1631	1589
1632	1590
1633	1591
1635	1592
1636	1593
1639	1594
1640	1595
1641	1596
1642	1597
1643	1598
1644	1599
1645	1600
1646	1601
1647	1602
1648	1603
1649	1604
1650	1605
1651	1606
1652	1607
1653	1608
1654	1609
1655	1610
1656	1611
1657	1612
1658	1613
1659	1614
1660	1615
1661	1616
1662	1617
1663	1618
1664	1619
1665	1620
1666	1621
1667	1622
1668	1623
1669	1624
1670	1625
1671	1626
1672	1627
1673	1628
1674	1629
1675	1630
1676	1631
1677	1632
1678	1633
1679	1634
1680	1635
1681	1636
1682	1637
1683	1638
1684	1639
1685	1640
1686	1641
1687	1642
1688	1643
1689	1644
1690	1645
1692	1646
1693	1647
1694	1648
1695	1649
1696	1650
1697	1651
1698	1652
1699	1653
1701	1654
1702	1655
1703	1656
1704	1657
1705	1658
1706	1659
1707	1660
1708	1661
1709	1662
1710	1663
1711	1664
1713	1665
1714	1666
1715	1667
1716	1668
1717	1669
1718	1670
1719	1671
1720	1672
1721	1673
1722	1674
1723	1675
1724	1676
1725	1677
1726	1678
1727	1679
1728	1680
1729	1681
1730	1682
1731	1683
1732	1684
1733	1685
1734	1686
1735	1687
1738	1688
1739	1689
1740	1690
1741	1691
1742	1692
1743	1693
1744	1694
1746	1695
1747	1696
1748	1697
1749	1698
1750	1699
1752	1700
1753	1701
1754	1702
1755	1703
1756	1704
1757	1705
1758	1706
1759	1707
1760	1708
1762	1709
1764	1710
1765	1711
1767	1712
1768	1713
1769	1714
1770	1715
1771	1716
1772	1717
1773	1718
1774	1719
1776	1720
1777	1721
1779	1722
1780	1723
1781	1724
1782	1725
1783	1726
1784	1727
1785	1728
1787	1729
1788	1730
1789	1731
1791	1732
1792	1733
1793	1734
1794	1735
1795	1736
1796	1737
1797	1738
1798	1739
1799	1740
1801	1741
1804	1742
1805	1743
1806	1744
1807	1745
1809	1746
1810	1747
1811	1748
1812	1749
1814	1750
1815	1751
1816	1752
1817	1753
1819	1754
1820	1755
1821	1756
1822	1757
1824	1758
1825	1759
1826	1760
1827	1761
1829	1762
1830	1763
1831	1764
1832	1765
1833	1766
1834	1767
1835	1768
1836	1769
1837	1770
1839	1771
1840	1772
1841	1773
1842	1774
1843	1775
1844	1776
1845	1777
1846	1778
1847	1779
1848	1780
1849	1781
1850	1782
1851	1783
1852	1784
1853	1785
1854	1786
1855	1787
1856	1788
1857	1789
1858	1790
1859	1791
1860	1792
1861	1793
1862	1794
1863	1795
1864	1796
1865	1797
1866	1798
1867	1799
1868	1800
1869	1801
1870	1802
1871	1803
1872	1804
1873	1805
1874	1806
1875	1807
1876	1808
1877	1809
1878	1810
1879	1811
1880	1812
1881	1813
1882	1814
1883	1815
1884	1816
1885	1817
1886	1818
1887	1819
1888	1820
1889	1821
1890	1822
1891	1823
1892	1824
1893	1825
1894	1826
1895	1827
1896	1828
1897	1829
1898	1830
1899	1831
1900	1832
1901	1833
1902	1834
1903	1835
1904	1836
1905	1837
1906	1838
1907	1839
1908	1840
1909	1841
1910	1842
1911	1843
1912	1844
1913	1845
1914	1846
1915	1847
1916	1848
1917	1849
1918	1850
1919	1851
1920	1852
1921	1853
1922	1854
1923	1855
1924	1856
1925	1857
1926	1858
1927	1859
1928	1860
1929	1861
1930	1862
1931	1863
1932	1864
1933	1865
1934	1866
1935	1867
1936	1868
1937	1869
1938	1870
1939	1871
1940	1872
1941	1873
1942	1874
1943	1875
1944	1876
1945	1877
1946	1878
1947	1879
1948	1880
1949	1881
1950	1882
1951	1883
1952	1884
1953	1885
1954	1886
1955	1887
1956	1888
1957	1889
1958	1890
1959	1891
1960	1892
1961	1893
1962	1894
1963	1895
1964	1896
1965	1897
1966	1898
1967	1899
1968	1900
1969	1901
1970	1902
1971	1903
1972	1904
1973	1905
1974	1906
1975	1907
1976	1908
1977	1909
1978	1910
1979	1911
1980	1912
1981	1913
1982	1914
1983	1915
1984	1916
1985	1917
1986	1918
1987	1919
1988	1920
1989	1921
1990	1922
1991	1923
1992	1924
1993	1925
1994	1926
1995	1927
1996	1928
1997	1929
1998	1930
1999	1931
2000	1932
2001	1933
2002	1934
2003	1935
2004	1936
2005	1937
2006	1938
2007	1939
2008	1940
2009	1941
2010	1942
2011	1943
2012	1944
2013	1945
2014	1946
2015	1947
2016	1948
2017	1949
2018	1950
2019	1951
2020	1952
2021	1953
2022	1954
2023	1955
2024	1956
2025	1957
2026	1958
2027	1959
2028	1960
2029	1961
2030	1962
2031	1963
2032	1964
2033	1965
2034	1966
2035	1967
2036	1968
2037	1969
2038	1970
2039	1971
2040	1972
2041	1973
2042	1974
2043	1975
2044	1976
2045	1977
2046	1978
2047	1979
2048	1980
2049	1981
2050	1982
2051	1983
2052	1984
2053	1985
2054	1986
2055	1987
2056	1988
2057	1989
2058	1990
2059	1991
2060	1992
2061	1993
2062	1994
2063	1995
2064	1996
2065	1997
2066	1998
2067	1999
2068	2000
2069	2001
2070	2002
2071	2003
2072	2004
2073	2005
2074	2006
2075	2007
2076	2008
2077	2009
2078	2010
2079	2011
2080	2012
2081	2013
2082	2014
2083	2015
2084	2016
2085	2017
2086	2018
2087	2019
2088	2020
2089	2021
2090	2022
2091	2023
2092	2024
2093	2025
2094	2026
2095	2027
2096	2028
2097	2029
2098	2030
2099	2031
2100	2032
2101	2033
2102	2034
2103	2035
2104	2036
2105	2037
2106	2038
2107	2039
2108	2040
2109	2041
2110	2042
2111	2043
2112	2044
2113	2045
2114	2046
2115	2047
2116	2048
2117	2049
2118	2050
2119	2051
2120	2052
2121	2053
2122	2054
2123	2055
2124	2056
2125	2057
2126	2058
2127	2059
2128	2060
2129	2061
2130	2062
2131	2063
2132	2064
2133	2065
2134	2066
2135	2067
2136	2068
2137	2069
2138	2070
2139	2071
2140	2072
2141	2073
2142	2074
2143	2075
2144	2076
2145	2077
2146	2078
2147	2079
2148	2080
2149	2081
2150	2082
2151	2083
2152	2084
2153	2085
2154	2086
2155	2087
2156	2088
2157	2089
2158	2090
2159	2091
2160	2092
2161	2093
2162	2094
2163	2095
2164	2096
2165	2097
2166	2098
2167	2099
2168	2100
2169	2101
2170	2102
2171	2103
2172	2104
2173	2105
2174	2106
2175	2107
2176	2108
2177	2109
2178	2110
2179	2111
2180	2112
2181	2113
2182	2114
2183	2115
2184	2116
2185	2117
2186	2118
2187	2119
2188	2120
2189	2121
2190	2122
2191	2123
2192	2124
2193	2125
2194	2126
2195	2127
2196	2128
2197	2129
2198	2130
2199	2131
2200	2132
2201	2133
2202	2134
2203	2135
2204	2136
2205	2137
2206	2138
2207	2139
2208	2140
2209	2141
2210	2142
2211	2143
2212	2144
2213	2145
2214	2146
2215	2147
2216	2148
2217	2149
2218	2150
2219	2151
2220	2152
2221	2153
2222	2154
2223	2155
2224	2156
2225	2157
2226	2158
2227	2159
2228	2160
2229	2161
2230	2162
2231	2163
2232	2164
2233	2165
2234	2166
2235	2167
2236	2168
2237	2169
2238	2170
2239	2171
2240	2172
2241	2173
2242	2174
2243	2175
2244	2176
2245	2177
2246	2178
2247	2179
2248	2180
2249	2181
2250	2182
2251	2183
2252	2184
2253	2185
2254	2186
2255	2187
2256	2188
2257	2189
2258	2190
2259	2191
2260	2192
2261	2193
2262	2194
2263	2195
2264	2196
2265	2197
2266	2198
2267	2199
2268	2200
2269	2201
2270	2202
2271	2203
2272	2204
2273	2205
2274	2206
2275	2207
2276	2208
2277	2209
2278	2210
2279	2211
2280	2212
2281	2213
2282	2214
2283	2215
2284	2216
2285	2217
2286	2218
2287	2219
2288	2220
2289	2221
2290	2222
2291	2223
2292	2224
2293	2225
2294	2226
2295	2227
2296	2228
2297	2229
2298	2230
2299	2231
2300	2232
2301	2233
2302	2234
2303	2235
2304	2236
2305	2237
2306	2238
2307	2239
2308	2240
2309	2241
2310	2242
2311	2243
2312	2244
2313	2245
2314	2246
2315	2247
2316	2248
2317	2249
2318	2250
2319	2251
2320	2252
2321	2253
2322	2254
2323	2255
2324	2256
2325	2257
2326	2258
2327	2259
2328	2260
2329	2261
2330	2262
2331	2263
2332	2264
2333	2265
2334	2266
2335	2267
2336	2268
2337	2269
2338	2270
2339	2271
2340	2272
2341	2273
2342	2274
2343	2275
2344	2276
2345	2277
2346	2278
2347	2279
2348	2280
2349	2281
2350	2282
2351	2283
2352	2284
2353	2285
2354	2286
2355	2287
2356	2288
2357	2289
2358	2290
2359	2291
2360	2292
2361	2293
2362	2294
2363	2295
2364	2296
2365	2297
2366	2298
2367	2299
2368	2300
2369	2301
2370	2302
2371	2303
2372	2304
2373	2305
2374	2306
2375	2307
2376	2308
2377	2309
2378	2310
2379	2311
2380	2312
2381	2313
2382	2314
2383	2315
2384	2316
2385	2317
2386	2318
2387	2319
2388	2320
2389	2321
2390	2322
2391	2323
2392	2324
2393	2325
2394	2326
2395	2327
2396	2328
2397	2329
2398	2330
2399	2331
2400	2332
2401	2333
2402	2334
2403	2335
2404	2336
2405	2337
2406	2338
2407	2339
2408	2340
2409	2341
2410	2342
2411	2343
2412	2344
2413	2345
2414	2346
2415	2347
2416	2348
2417	2349
2418	2350
2419	2351
2420	2352
2421	2353
2422	2354
2423	2355
2424	2356
2425	2357
2426	2358
2427	2359
2428	2360
2429	2361
2430	2362
2431	2363
2432	2364
2433	2365
2434	2366
2435	2367
2436	2368
2437	2369
2438	2370
2439	2371
2440	2372
2441	2373
2442	2374
2443	2375
2444	2376
2445	2377
2446	2378
2447	2379
2448	2380
2449	2381
2450	2382
2451	2383
2452	2384
2453	2385
2454	2386
2455	2387
2456	2388
2457	2389
2458	2390
2459	2391
2460	2392
2461	2393
2462	2394
2463	2395
2464	2396
2465	2397
2466	2398
2467	2399
2468	2400
2469	2401
2470	2402
2471	2403
2472	2404
2473	2405
2474	2406
2475	2407
2476	2408
2477	2409
2478	2410
2479	2411
2480	2412
2481	2413
2482	2414
2483	2415
2484	2416
2485	2417
2486	2418
2487	2419
2488	2420
2489	2421
2490	2422
2491	2423
2492	2424
2493	2425
2494	2426
2495	2427
2496	2428
2497	2429
2498	2430
2499	2431
2500	2432
2501	2433
2502	2434
2503	2435
2504	2436
2505	2437
2506	2438
2507	2439
2508	2440
2509	2441
2510	2442
2511	2443
2512	2444
2513	2445
2514	2446
2515	2447
2516	2448
2517	2449
2518	2450
2519	2451
2520	2452
2521	2453
2522	2454
2523	2455
2524	2456
2525	2457
2526	2458
2527	2459
2528	2460
2529	2461
2530	2462
2531	2463
2532	2464
2533	2465
2534	2466
2535	2467
2536	2468
2537	2469
2538	2470
2539	2471
2540	2472
2541	2473
2542	2474
2543	2475
2544	2476
2545	2477
2546	2478
2547	2479
2548	2480
2549	2481
2550	2482
2551	2483
2552	2484
2553	2485
2554	2486
2555	2487
2556	2488
2557	2489
2558	2490
2559	2491
2560	2492
2561	2493
2562	2494
2563	2495
2564	2496
2565	2497
2566	2498
2567	2499
2568	2500
2569	2501
2570	2502
2571	2503
2572	2504
2573	2505
2574	2506
2575	2507
2576	2508
2577	2509
2578	2510
2579	2511
2580	2512
2581	2513
2582	2514
2583	2515
2584	2516
2585	2517
2586	2518
2587	2519
2588	2520
2589	2521
2590	2522
2591	2523
2592	2524
2593	2525
2594	2526
2595	2527
2596	2528
2597	2529
2598	2530
2599	2531
2600	2532
2601	2533
2602	2534
2603	2535
2604	2536
2605	2537
2606	2538
2607	2539
2608	2540
2609	2541
2610	2542
2611	2543
2612	2544
2613	2545
2614	2546
2615	2547
2616	2548
2617	2549
2618	2550
2619	2551
2620	2552
2621	2553
2622	2554
2623	2555
2624	2556
2625	2557
2626	2558
2627	2559
2628	2560
2629	2561
2630	2562
2631	2563
2632	2564
2633	2565
2634	2566
2635	2567
2636	2568
2637	2569
2638	2570
2639	2571
2640	2572
2641	2573
2642	2574
2643	2575
2644	2576
2645	2577
2646	2578
2647	2579
2648	2580
2649	2581
2650	2582
2651	2583
2652	2584
2653	2585
2654	2586
2655	2587
2656	2588
2657	2589
2658	2590
2659	2591
2660	2592
2661	2593
2662	2594
2663	2595
2664	2596
2665	2597
2666	2598
2667	2599
2668	2600
2669	2601
2670	2602
2671	2603
2672	2604
2673	2605
2674	2606
2675	2607
2676	2608
2677	2609
2678	2610
2679	2611
2680	2612
2681	2613
2682	2614
2683	2615
2684	2616
2685	2617
2686	2618
2687	2619
2688	2620
2689	2621
2690	2622
2691	2623
2692	2624
2693	2625
2694	2626
2695	2627
2696	2628
2697	2629
2698	2630
2699	2631
2700	2632
2701	2633
2702	2634
2703	2635
2704	2636
2705	2637
2706	2638
2707	2639
2708	2640
2709	2641
2710	2642
2711	2643
2712	2644
2713	2645
2714	2646
2715	2647
2716	2648
2717	2649
2718	2650
2719	2651
2720	2652
2721	2653
2722	2654
2723	2655
2724	2656
2725	2657
2726	2658
2727	2659
2728	2660
2729	2661
2730	2662
2731	2663
2732	2664
2733	2665
2734	2666
2735	2667
2736	2668
2737	2669
2738	2670
2739	2671
2740	2672
2741	2673
2742	2674
2743	2675
2744	2676
2745	2677
2746	2678
2747	2679
2748	2680
2749	2681
2750	2682
2751	2683
2752	2684
2753	2685
2754	2686
2755	2687
2756	2688
2757	2689
2758	2690
2759	2691
2760	2692
2761	2693
2762	2694
2763	2695
2764	2696
2765	2697
2766	2698
2767	2699
2768	2700
2769	2701
2770	2702
2771	2703
2772	2704
2773	2705
2774	2706
2775	2707
2776	2708
2777	2709
2778	2710
2779	2711
2780	2712
2781	2713
2782	2714
2783	2715
2784	2716
2785	2717
2786	2718
2787	2719
2788	2720
2789	2721
2790	2722
2791	2723
2792	2724
2793	2725
2794	2726
2795	2727
2796	2728
2797	2729
2798	2730
2799	2731
2800	2732
2801	2733
2802	2734
2803	2735
2804	2736
2805	2737
2806	2738
2807	2739
2808	2740
2809	2741
2810	2742
2811	2743
2812	2744
2813	2745
2814	2746
2815	2747
2816	2748
2817	2749
2818	2750
2819	2751
2820	2752
2821	2753
2822	2754
2823	2755
2824	2756
2825	2757
2826	2758
2827	2759
2828	2760
2829	2761
2830	2762
2831	2763
2832	2764
2833	2765
2834	2766
2835	2767
2836	2768
2837	2769
2838	2770
2839	2771
2840	2772
2841	2773
2842	2774
2843	2775
2844	2776
2845	2777
2846	2778
2847	2779
2848	2780
2849	2781
2850	2782
2851	2783
2852	2784
2853	2785
2854	2786
2855	2787
2856	2788
2857	2789
2858	2790
2859	2791
2860	2792
2861	2793
2862	2794
2863	2795
2864	2796
2865	2797
2866	2798
2867	2799
2868	2800
2869	2801
2870	2802
2871	2803
2872	2804
2873	2805
2874	2806
2875	2807
2876	2808
2877	2809
2878	2810
2879	2811
2880	2812
2881	2813
2882	2814
2883	2815
2884	2816
2885	2817
2886	2818
2887	2819
2888	2820
2889	2821
2890	2822
2891	2823
2892	2824
2893	2825
2894	2826
2895	2827
2896	2828
2897	2829
2898	2830
2899	2831
2900	2832
2901	2833
2902	2834
2903	2835
2904	2836
2905	2837
2906	2838
2907	2839
2908	2840
2909	2841
2910	2842
2911	2843
2912	2844
2913	2845
2914	2846
2915	2847
2916	2848
2917	2849
2918	2850
2919	2851
2920	2852
2921	2853
2922	2854
2923	2855
2924	2856
2925	2857
2926	2858
2927	2859
2928	2860
2929	2861
2930	2862
2931	2863
2932	2864
2933	2865
2934	2866
2935	2867
2936	2868
2937	2869
2938	2870
2939	2871
2940	2872
2941	2873
2942	2874
2943	2875
2944	2876
2945	2877
2946	2878
2947	2879
2948	2880
2949	2881
2950	2882
2951	2883
2952	2884
2953	2885
2954	2886
2955	2887
2956	2888
2957	2889
2958	2890
2959	2891
2960	2892
2961	2893
2962	2894
2963	2895
2964	2896
2965	2897
2966	2898
2967	2899
2968	2900
2969	2901
2970	2902
2971	2903
2972	2904
2973	2905
2974	2906
2975	2907
2976	2908
2977	2909
2978	2910
2979	2911
2980	2912
2981	2913
2982	2914
2983	2915
2984	2916
2985	2917
2986	2918
2987	2919
2988	2920
2989	2921
2990	2922
2991	2923
2992	2924
2993	2925
2994	2926
2995	2927
2996	2928
2997	2929
2998	2930
2999	2931
3000	2932
3001	2933
3002	2934
3003	2935
3004	2936
3005	2937
3006	2938
3007	2939
3008	2940
3009	2941
3010	2942
3011	2943
3012	2944
3013	2945
3014	2946
3015	2947
3016	2948
3017	2949
3018	2950
3019	2951
3020	2952
3021	2953
3022	2954
3023	2955
3024	2956
3025	2957
3026	2958
3027	2959
3028	2960
3029	2961
3030	2962
3031	2963
3032	2964
3033	2965
3034	2966
3035	2967
3036	2968
3037	2969
3038	2970
3039	2971
3040	2972
3041	2973
3042	2974
3043	2975
3044	2976
3045	2977
3046	2978
3047	2979
3048	2980
3049	2981
3050	2982
3051	2983
3052	2984
3053	2985
3054	2986
3055	2987
3056	2988
3057	2989
3058	2990
3059	2991
3060	2992
3061	2993
3062	2994
3063	2995
3064	2996
3065	2997
3066	2998
3067	2999
3068	3000
3069	3001
3070	3002
3071	3003
3072	3004
3073	3005
3074	3006
3075	3007
3076	3008
3077	3009
3078	3010
3079	3011
3080	3012
3081	3013
3082	3014
3083	3015
3084	3016
3085	3017
3086	3018
3087	3019
3088	3020
3089	3021
3090	3022
3091	3023
3092	3024
3093	3025
3094	3026
3095	3027
3096	3028
3097	3029
3098	3030
3099	3031
3100	3032
3101	3033
3102	3034
3103	3035
3104	3036
3105	3037
3106	3038
3107	3039
3108	3040
3109	3041
3110	3042
3111	3043
3112	3044
3113	3045
3114	3046
3115	3047
3116	3048
3117	3049
3118	3050
3119	3051
3120	3052
3121	3053
3122	3054
3123	3055
3124	3056
3125	3057
3126	3058
3127	3059
3128	3060
3129	3061
3130	3062
3131	3063
3132	3064
3133	3065
3134	3066
3135	3067
3136	3068
3137	3069
3138	3070
3139	3071
3140	3072
3141	3073
3142	3074
3143	3075
3144	3076
3145	3077
3146	3078
3147	3079
3148	3080
3149	3081
3150	3082
3151	3083
3152	3084
3153	3085
3154	3086
3155	3087
3156	3088
3157	3089
3158	3090
3159	3091
3160	3092
3161	3093
3162	3094
3163	3095
3164	3096
3165	3097
3166	3098
3167	3099
3168	3100
3169	3101
3170	3102
3171	3103
3172	3104
3173	3105
3174	3106
3175	3107
3176	3108
3177	3109
3178	3110
3179	3111
3180	3112
3181	3113
3182	3114
3183	3115
3184	3116
3185	3117
3186	3118
3187	3119
3188	3120
3189	3121
3190	3122
3191	3123
3192	3124
3193	3125
3194	3126
3195	3127
3196	3128
3197	3129
3198	3130
3199	3131
3200	3132
3201	3133
3202	3134
3203	3135
3204	3136
3205	3137
3206	3138
3207	3139
3208	3140
3209	3141
3210	3142
3211	3143
3212	3144
3213	3145
3214	3146
3215	3147
3216	3148
3217	3149
3218	3150
3219	3151
3220	3152
3221	3153
3222	3154
3223	3155
3224	3156
3225	3157
3226	3158
3227	3159
3228	3160
3229	3161
3230	3162
3231	3163
3232	3164
3233	3165
3234	3166
3235	3167
3236	3168
3237	3169
3238	3170
3239	3171
3240	3172
3241	3173
3242	3174
3243	3175
3244	3176
3245	3177
3246	3178
3247	3179
3248	3180
3249	3181
3250	3182
3251	3183
3252	3184
3253	3185
3254	3186
3255	3187
3256	3188
3257	3189
3258	3190
3259	3191
3260	3192
3261	3193
3262	3194
3263	3195
3264	3196
3265	3197
3266	3198
3267	3199
3268	3200
3269	3201
3270	3202
3271	3203
3272	3204
3273	3205
3274	3206
3275	3207
3276	3208
3277	3209
3278	3210
3279	3211
3280	3212
3281	3213
3282	3214
3283	3215
3284	3216
3285	3217
3286	3218
3287	3219
3288	3220
3289	3221
3290	3222
3291	3223
3292	3224
3293	3225
3294	3226
3295	3227
3296	3228
3297	3229
3298	3230
3299	3231
3300	3232
3301	3233
3302	3234
3303	3235
3304	3236
3305	3237
3306	3238
3307	3239
3308	3240
3309	3241
3310	3242
3311	3243
3312	3244
3313	3245
3314	3246
3315	3247
3316	3248
3317	3249
3318	3250
3319	3251
3320	3252
3321	3253
3322	3254
3323	3255
3324	3256
3325	3257
3326	3258
3327	3259
3328	3260
3329	3261
3330	3262
3331	3263
3332	3264
3333	3265
3334	3266
3335	3267
3336	3268
3337	3269
3338	3270
3339	3271
3340	3272
3341	3273
3342	3274
3343	3275
3344	3276
3345	3277
3346	3278
3347	3279
3348	3280
3349	3281
3350	3282
3351	3283
3352	3284
3353	3285
3354	3286
3355	3287
3356	3288
3357	3289
3358	3290
3359	3291
3360	3292
3361	3293
3362	3294
3363	3295
3364	3296
3365	3297
3366	3298
3367	3299
3368	3300
3369	3301
3370	3302
3371	3303
3372	3304
3373	3305
3374	3306
3375	3307
3376	3308
3377	3309
3378	3310
3379	3311
3380	3312
3381	3313
3382	3314
3383	3315
3384	3316
3385	3317
3386	3318
3387	3319
3388	3320
3389	3321
3390	3322
3391	3323
3392	3324
3393	3325
3394	3326
3395	3327
3396	3328
3397	3329
3398	3330
3399	3331
3400	3332
3401	3333
3402	3334
3403	3335
3404	3336
3405	3337
3406	3338
3407	3339
3408	3340
3409	3341
3410	3342
3411	3343
3412	3344
3413	3345
3414	3346
3415	3347
3416	3348
3417	3349
3418	3350
3419	3351
3420	3352
3421	3353
3422	3354
3423	3355
3424	3356
3425	3357
3426	3358
3427	3359
3428	3360
3429	3361
3430	3362
3431	3363
3432	3364
3433	3365
3434	3366
3435	3367
3436	3368
3437	3369
3438	3370
3439	3371
3440	3372
3441	3373
3442	3374
3443	3375
3444	3376
3445	3377
3446	3378
3447	3379
3448	3380
3449	3381
3450	3382
3451	3383
3452	3384
3453	3385
3454	3386
3455	3387
3456	3388
3457	3389
3458	3390
3459	3391
3460	3392
3461	3393
3462	3394
3463	3395
3464	3396
3465	3397
3466	3398
3467	3399
3468	3400
3469	3401
3470	3402
3471	3403
3472	3404
3473	3405
3474	3406
3475	3407
3476	3408
3477	3409
3478	3410
3479	3411
3480	3412
3481	3413
3482	3414
3483	3415
3484	3416
3485	3417
3486	3418
3487	3419
3488	3420
3489	3421
3490	3422
3491	3423
3492	3424
3493	3425
3494	3426
3495	3427
3496	3428
3497	3429
3498	3430
3499	3431
3500	3432
3501	3433
3502	3434
3503	3435
3504	3436
3505	3437
3506	3438
3507	3439
3508	3440
3509	3441
3510	3442
3511	3443
3512	3444
3513	3445
3514	3446
3515	3447
3516	3448
3517	3449
3518	3450
3519	3451
3520	3452
3521	3453
3522	3454
3523	3455
3524	3456
3525	3457
3526	3458
3527	3459
3528	3460
3529	3461
3530	3462
3531	3463
3532	3464
3533	3465
3534	3466
3535	3467
3536	3468
3537	3469
3538	3470
3539	3471
3540	3472
3541	3473
3542	3474
3543	3475
3544	3476
3545	3477
3546	3478
3547	3479
3548	3480
3549	3481
3550	3482
3551	3483
3552	3484
3553	3485
3554	3486
3555	3487
3556	3488
3557	3489
3558	3490
3559	3491
3560	3492
3561	3493
3562	3494
3563	3495
3564	3496
3565	3497
3566	3498
3567	3499
3568	3500
3569	3501
3570	3502
3571	3503
3572	3504
3573	3505
3574	3506
3575	3507
3576	3508
3577	3509
3578	3510
3579	3511
3580	3512
3581	3513
3582	3514
3583	3515
3584	3516
3585	3517
3586	3518
3587	3519
3588	3520
3589	3521
3590	3522
3591	3523
3592	3524
3593	3525
3594	3526
3595	3527
3596	3528
3597	3529
3598	3530
3599	3531
3600	3532
3601	3533
3602	3534
3603	3535
3604	3536
3605	3537
3606	3538
3607	3539
3608	3540
3609	3541
3610	3542
3611	3543
3612	3544
3613	3545
3614	3546
3615	3547
3616	3548
3617	3549
3618	3550
3619	3551
3620	3552
3621	3553
3622	3554
3623	3555
3624	3556
3625	3557
3626	3558
3627	3559
3628	3560
3629	3561
3630	3562
3631	3563
3632	3564
3633	3565
3634	3566
3635	3567
3636	3568
3637	3569
3638	3570
3639	3571
3640	3572
3641	3573
3642	3574
3643	3575
3644	3576
3645	3577
3646	3578
3647	3579
3648	3580
3649	3581
3650	3582
3651	3583
3652	3584
3653	3585
3654	3586
3655	3587
3656	3588
3657	3589
3658	3590
3659	3591
3660	3592
3661	3593
3662	3594
3663	3595
3664	3596
3665	3597
3666	3598
3667	3599
3668	3600
3669	3601
3670	3602
3671	3603
3672	3604
3673	3605
3674	3606
3675	3607
3676	3608
3677	3609
3678	3610
3679	3611
3680	3612
3681	3613
3682	3614
3683	3615
3684	3616
3685	3617
3686	3618
3687	3619
3688	3620
3689	3621
3690	3622
3691	3623
3692	3624
3693	3625
3694	3626
3695	3627
3696	3628
3697	3629
3698	3630
3699	3631
3700	3632
3701	3633
3702	3634
3703	3635
3704	3636
3705	3637
3706	3638
3707	3639
3708	3640
3709	3641
3710	3642
3711	3643
3712	3644
3713	3645
3714	3646
3715	3647
3716	3648
3717	3649
3718	3650
3719	3651
3720	3652
3721	3653
3722	3654
3723	3655
3724	3656
3725	3657
3726	3658
3727	3659
3728	3660
3729	3661
3730	3662
3731	3663
3732	3664
3733	3665
3734	3666
3735	3667
3736	3668
3737	3669
3738	3670
3739	3671
3740	3672
3741	3673
3742	3674
3743	3675
3744	3676
3745	3677
3746	3678
3747	3679
3748	3680
3749	3681
3750	3682
3751	3683
3752	3684
3753	3685
3754	3686
3755	3687
3756	3688
3757	3689
3758	3690
3759	3691
3760	3692
3761	3693
3762	3694
3763	3695
3764	3696
3765	3697
3766	3698
3767	3699
3768	3700
3769	3701
3770	3702
3771	3703
3772	3704
3773	3705
3774	3706
3775	3707
3776	3708
3777	3709
3778	3710
3779	3711
3780	3712
3781	3713
3782	3714
3783	3715
3784	3716
3785	3717
3786	3718
3787	3719
3788	3720
3789	3721
3790	3722
3791	3723
3792	3724
3793	3725
3794	3726
3795	3727
3796	3728
3797	3729
3798	3730
3799	3731
3800	3732
3801	3733
3802	3734
3803	3735
3804	3736
3805	3737
3806	3738
3807	3739
3808	3740
3809	3741
3810	3742
3811	3743
3812	3744
3813	3745
3814	3746
3816	3747
3817	3748
3818	3749
3819	3750
3820	3751
3821	3752
3822	3753
3823	3754
3824	3755
3825	3756
3826	3757
3827	3758
3828	3759
3829	3760
3830	3761
3831	3762
3832	3763
3833	3764
3834	3765
3835	3766
3836	3767
3837	3768
3838	3769
3839	3770
3840	3771
3841	3772
3842	3773
3843	3774
3844	3775
3845	3776
3846	3777
3847	3778
3848	3779
3849	3780
3850	3781
3851	3782
3852	3783
3853	3784
3854	3785
3855	3786
3856	3787
3857	3788
3858	3789
3859	3790
3860	3791
3861	3792
3862	3793
3863	3794
3864	3795
3865	3796
3866	3797
3867	3798
3868	3799
3869	3800
3870	3801
3871	3802
3872	3803
3873	3804
3874	3805
3875	3806
3876	3807
3877	3808
3878	3809
3879	3810
3880	3811
3881	3812
3882	3813
3883	3814
3884	3815
3885	3816
3886	3817
3887	3818
3888	3819
3889	3820
3890	3821
3891	3822
3892	3823
3893	3824
3894	3825
3895	3826
3896	3827
3897	3828
3898	3829
3899	3830
3900	3831
3901	3832
3902	3833
3903	3834
3904	3835
3905	3836
3906	3837
3907	3838
3908	3839
3909	3840
3910	3841
3911	3842
3912	3843
3913	3844
3914	3845
3915	3846
3916	3847
3917	3848
3918	3849
3919	3850
3920	3851
3921	3852
3922	3853
3923	3854
3924	3855
3925	3856
3926	3857
3927	3858
3928	3859
3929	3860
3930	3861
3931	3862
3932	3863
3933	3864
3934	3865
3935	3866
3936	3867
3937	3868
3938	3869
3939	3870
3940	3871
3941	3872
3942	3873
3943	3874
3944	3875
3945	3876
3946	3877
3947	3878
3948	3879
3949	3880
3950	3881
3951	3882
3952	3883