-7.869228720664978027e-02 -4.830028116703033447e-02 -7.944105565547943115e-02 9.675695747137069702e-02 3.320406377315521240e-02 1.522784680128097534e-01 -2.931822277605533600e-02 2.906092070043087006e-02
-1.805534213781356812e-01 -1.500551551580429077e-01 1.853960901498794556e-01 2.136536836624145508e-01 4.107240214943885803e-02 6.203568354249000549e-02 1.266405582427978516e-01 -2.222941219806671143e-01
-1.255581229925155640e-01 -2.982725948095321655e-02 1.370776742696762085e-01 2.781916856765747070e-01 9.702567756175994873e-02 7.040250301361083984e-02 -5.561723187565803528e-02 -6.460325419902801514e-02
-1.411329582333564758e-02 -2.135605923831462860e-02 1.812454611063003540e-01 -4.341313615441322327e-02 5.508079007267951965e-02 1.170902475714683533e-01 -2.841132581233978271e-01 4.720894247293472290e-02
1.663471758365631104e-01 6.985691189765930176e-02 -4.928359761834144592e-02 -9.368256665766239166e-03 1.610305309295654297e-01 -1.221526041626930237e-01 -6.405297666788101196e-02 1.376157850027084351e-01
2.480829693377017975e-02 2.431241571903228760e-01 -3.072274625301361084e-01 -3.833554685115814209e-01 -1.020032092928886414e-01 -1.256415843963623047e-01 -4.587764665484428406e-02 8.405879139900207520e-02
-1.638697832822799683e-01 -6.141583621501922607e-02 3.585883229970932007e-02 1.411637943238019943e-02 4.554244875907897949e-02 -3.311812877655029297e-02 7.747307419776916504e-02 -8.891340345144271851e-02
-2.327626347541809082e-01 9.817073494195938110e-02 -1.819251626729965210e-01 -2.551470324397087097e-02 -5.614751577377319336e-02 3.012610226869583130e-02 2.224945276975631714e-01 -2.673828899860382080e-01
2.697726190090179443e-01 5.545337796211242676e-01 -2.851919531822204590e-01 -7.413858175277709961e-01 -4.985816180706024170e-01 -4.644694328308105469e-01 4.536878168582916260e-01 1.084480360150337219e-01
1.533953845500946045e-01 -1.779827661812305450e-02 2.989096939563751221e-01 -1.401404589414596558e-01 2.023413777351379395e-02 -8.261446654796600342e-02 -2.673723697662353516e-01 9.256244450807571411e-02
3.745007812976837158e-01 2.762731313705444336e-01 -7.285171002149581909e-02 -1.442548930644989014e-01 4.127911627292633057e-01 -3.281134963035583496e-01 -4.099391698837280273e-01 5.089765787124633789e-01
-3.172109723091125488e-01 -1.204787492752075195e-01 1.647991091012954712e-01 6.156213581562042236e-02 -4.567545279860496521e-02 3.485116958618164062e-01 2.532398104667663574e-01 -1.450444608926773071e-01
-3.016497939825057983e-02 1.498420834541320801e-01 -1.230588033795356750e-01 -1.149800270795822144e-01 -1.913515627384185791e-01 9.277362376451492310e-03 1.373006999492645264e-01 7.130024582147598267e-02
-8.858828991651535034e-02 -1.347575038671493530e-01 1.441932767629623413e-01 2.684046030044555664e-01 1.144015192985534668e-01 3.016400337219238281e-01 1.146922558546066284e-01 4.264649748802185059e-02
1.728450804948806763e-01 1.285387575626373291e-01 -1.168736442923545837e-02 -1.658447980880737305e-01 -1.354634612798690796e-01 2.876068465411663055e-02 1.082737892866134644e-01 -4.799154400825500488e-02
-2.784279584884643555e-01 2.208738476037979126e-01 1.552929580211639404e-01 -2.213377654552459717e-01 8.370098471641540527e-02 1.029294505715370178e-01 1.292252838611602783e-01 -1.924703568220138550e-01
-1.528839617967605591e-01 -1.224373355507850647e-01 -1.073512509465217590e-01 -2.993459440767765045e-02 -8.698448538780212402e-02 8.781469613313674927e-02 2.305121868848800659e-01 -8.603321015834808350e-02
1.473523974418640137e-01 2.880233824253082275e-01 -2.065144330263137817e-01 -3.208541870117187500e-01 -2.209733799099922180e-02 -2.054672539234161377e-01 1.439912337809801102e-02 7.229015976190567017e-02
7.449194788932800293e-02 3.324411809444427490e-01 -1.525957435369491577e-01 9.693494066596031189e-03 -1.883739531040191650e-01 2.830259874463081360e-02 2.955522621050477028e-03 9.035338461399078369e-02
-3.077256977558135986e-01 1.845400929450988770e-01 -1.100415959954261780e-01 1.767446100711822510e-01 -1.854703724384307861e-01 1.414296478033065796e-01 -3.319304287433624268e-01 -3.162505105137825012e-02
-2.419276982545852661e-01 -2.040524482727050781e-01 2.726276814937591553e-01 1.964067965745925903e-01 5.631241947412490845e-02 2.066466361284255981e-01 -5.739015713334083557e-02 -1.037883609533309937e-01
